1.0953600406646729
1.0955827236175537
1.0958060026168823
1.0945897102355957
1.0941532850265503
1.0960769653320312
1.093329668045044
1.1002154350280762
1.0934079885482788
1.0955249071121216
1.0936694145202637
1.0960243940353394
1.0854592323303223
1.0967329740524292
1.09273099899292
1.0969998836517334
1.0901787281036377
1.0928268432617188
1.0903382301330566
1.101662278175354
1.0901312828063965
1.1037428379058838
1.0918025970458984
1.0885052680969238
1.0925873517990112
1.093544363975525
1.0949840545654297
1.0816373825073242
1.095191478729248
1.0875229835510254
1.0981248617172241
1.0867629051208496
1.0934345722198486
1.097345232963562
1.0863122940063477
1.0968420505523682
1.087963342666626
1.0906221866607666
1.0966869592666626
1.098491907119751
1.1051026582717896
1.0966124534606934
1.0887454748153687
1.0935554504394531
1.095903992652893
1.0949896574020386
1.0937974452972412
1.0941256284713745
1.0923900604248047
1.0934151411056519
1.0946646928787231
1.097362995147705
1.0930993556976318
1.0932167768478394
1.0898053646087646
1.0969622135162354
1.0941437482833862
1.0914443731307983
1.098459243774414
1.0903140306472778
1.094001293182373
1.0960960388183594
1.0918099880218506
1.0920041799545288
1.0955986976623535
1.0910247564315796
1.0998412370681763
1.0919830799102783
1.0902457237243652
1.093498945236206
1.0862712860107422
1.0895222425460815
1.09121835231781
1.0919773578643799
1.0938615798950195
1.09331214427948
1.0932612419128418
1.1011724472045898
1.0883878469467163
1.0925567150115967
1.1044929027557373
1.1061787605285645
1.0991159677505493
1.1019651889801025
1.088802456855774
1.094517707824707
1.0948379039764404
1.094806432723999
1.0950441360473633
1.0955607891082764
1.0907320976257324
1.0923360586166382
1.0929542779922485
1.094118356704712
1.0906169414520264
1.0923312902450562
1.0936102867126465
1.0903894901275635
1.0916779041290283
1.0958372354507446
1.0946828126907349
1.0950860977172852
1.0929938554763794
1.0952281951904297
1.0896475315093994
1.0917086601257324
1.0930007696151733
1.0929278135299683
1.094754934310913
1.0926593542099
1.09207022190094
1.083277702331543
1.0930883884429932
1.0911471843719482
1.0905495882034302
1.0907114744186401
1.0912669897079468
1.0894808769226074
1.0933321714401245
1.0887937545776367
1.0935438871383667
1.0952527523040771
1.0968228578567505
1.0883889198303223
1.0933034420013428
1.0940042734146118
1.0991356372833252
1.0942673683166504
1.0899955034255981
1.0971179008483887
1.093665599822998
1.0951600074768066
1.0924406051635742
1.0915521383285522
1.0928267240524292
1.0914218425750732
1.094363808631897
1.089887022972107
1.0932426452636719
1.0915968418121338
1.0938743352890015
1.0854098796844482
1.0951881408691406
1.0918956995010376
1.0956366062164307
1.0900098085403442
1.092137336730957
1.0904803276062012
1.0898189544677734
1.0933666229248047
1.0883378982543945
1.0895029306411743
1.0881065130233765
1.0884233713150024
1.0870306491851807
1.0989309549331665
1.0890918970108032
1.0924477577209473
1.0969555377960205
1.0920805931091309
1.091617465019226
1.0941170454025269
1.0900193452835083
1.0937083959579468
1.09432852268219
1.088407039642334
1.09174382686615
1.0942009687423706
1.0965090990066528
1.0859407186508179
1.0941479206085205
1.0945402383804321
1.0944700241088867
1.0895373821258545
1.0890281200408936
1.0951857566833496
1.0929951667785645
1.0937371253967285
1.0922144651412964
1.0903798341751099
1.0929975509643555
1.0856561660766602
1.0915203094482422
1.0944480895996094
1.0854616165161133
1.0941015481948853
1.0951741933822632
1.0863001346588135
1.0891759395599365
1.0841684341430664
1.0922822952270508
1.0972450971603394
1.0870440006256104
1.096523404121399
1.0922951698303223
1.092736840248108
1.0932466983795166
1.090565800666809
1.0878839492797852
1.0808933973312378
1.0886485576629639
1.0953303575515747
1.0958844423294067
1.0782746076583862
1.0886645317077637
1.091127634048462
1.0898561477661133
1.087212324142456
1.0989731550216675
1.0867711305618286
1.090463399887085
1.0942296981811523
1.094717025756836
1.0956614017486572
1.0860391855239868
1.0959117412567139
1.0941962003707886
1.0887752771377563
1.0900933742523193
1.0940836668014526
1.0925257205963135
1.0982345342636108
1.095542550086975
1.0889956951141357
1.0959440469741821
1.088639736175537
1.0922155380249023
1.090749740600586
1.0901432037353516
1.094704508781433
1.0921658277511597
1.0852162837982178
1.083052158355713
1.086983323097229
1.0839829444885254
1.0891894102096558
1.0957835912704468
1.087738275527954
1.091823697090149
1.0867085456848145
1.0914256572723389
1.08851957321167
1.097985029220581
1.0928840637207031
1.0921469926834106
1.0883510112762451
1.084658145904541
1.0900044441223145
1.0941962003707886
1.0919908285140991
1.090734601020813
1.088291049003601
1.0919244289398193
1.0910313129425049
1.0886390209197998
1.0904415845870972
1.092323660850525
1.0935823917388916
1.0926960706710815
1.0940173864364624
1.0895923376083374
1.0857282876968384
1.0897533893585205
1.0875072479248047
1.0920369625091553
1.0834354162216187
1.083012342453003
1.0951005220413208
1.0885363817214966
1.0920751094818115
1.0883958339691162
1.0884788036346436
1.0938515663146973
1.0875329971313477
1.0891717672348022
1.097572922706604
1.0890048742294312
1.0877950191497803
1.0921803712844849
1.0919526815414429
1.0965797901153564
1.087122917175293
1.0962729454040527
1.0919952392578125
1.09556245803833
1.09352707862854
1.0952622890472412
1.0875896215438843
1.0911023616790771
1.093119502067566
1.092700481414795
1.0926872491836548
1.0909888744354248
1.093714714050293
1.0897786617279053
1.086756944656372
1.0798001289367676
1.0825378894805908
1.0929992198944092
1.0916460752487183
1.0948954820632935
1.094786286354065
1.0879591703414917
1.0905507802963257
1.0933791399002075
1.0922777652740479
1.0884695053100586
1.089097023010254
1.0991805791854858
1.091842770576477
1.0930531024932861
1.0921449661254883
1.0980113744735718
1.1002875566482544
1.08826744556427
1.0915474891662598
1.079594373703003
1.0920944213867188
1.092057466506958
1.0881166458129883
1.0877633094787598
1.0867365598678589
1.0922001600265503
1.092064619064331
1.0846891403198242
1.0962682962417603
1.0849775075912476
1.0890440940856934
1.0950942039489746
1.0865576267242432
1.0948580503463745
1.0950069427490234
1.0898265838623047
1.095024824142456
1.0967891216278076
1.0843687057495117
1.0824222564697266
1.0947602987289429
1.096143364906311
1.091658592224121
1.0893880128860474
1.0847041606903076
1.0885711908340454
1.088283658027649
1.0861376523971558
1.0864909887313843
1.0991346836090088
1.0918163061141968
1.0877388715744019
1.0864131450653076
1.0897599458694458
1.090697169303894
1.0938115119934082
1.0867711305618286
1.0908483266830444
1.0851753950119019
1.0952749252319336
1.0936236381530762
1.0895438194274902
1.0892564058303833
1.0969749689102173
1.090645432472229
1.0902210474014282
1.0914735794067383
1.0945712327957153
1.0926676988601685
1.0896883010864258
1.0940945148468018
1.0854675769805908
1.0874404907226562
1.0859242677688599
1.084659218788147
1.0830023288726807
1.0905735492706299
1.0964046716690063
1.082455039024353
1.0877580642700195
1.0917139053344727
1.0959453582763672
1.0954986810684204
1.0847856998443604
1.0938575267791748
1.08920156955719
1.0982340574264526
1.0936685800552368
1.091303825378418
1.089218020439148
1.0905983448028564
1.0975265502929688
1.0934300422668457
1.0823582410812378
1.0879818201065063
1.0893796682357788
1.0955208539962769
1.091998815536499
1.0944430828094482
1.0896300077438354
1.0932505130767822
1.1013767719268799
1.0957682132720947
