5.388505458831787
4.873751163482666
2.5889179706573486
2.3011698722839355
1.8094947338104248
1.4482858180999756
1.3417547941207886
1.2065120935440063
1.1062637567520142
1.058745265007019
0.9848709106445312
0.9248285293579102
0.8832228779792786
0.8535441756248474
0.8158318996429443
0.7695550322532654
0.7369197010993958
0.7119854688644409
0.6894329190254211
0.6631772518157959
0.6380195617675781
0.6202489733695984
0.5988074541091919
0.5830504298210144
0.5658630132675171
0.5522714853286743
0.5349875092506409
0.5236921310424805
0.5124920010566711
0.5028455257415771
