3.836299180984497
3.5778825283050537
3.3647305965423584
3.217468023300171
3.171057939529419
3.121939182281494
3.0557188987731934
3.0047409534454346
2.9570891857147217
2.9113645553588867
2.864154815673828
2.81547212600708
2.76230788230896
2.7006030082702637
2.6526241302490234
2.6094706058502197
2.549014091491699
2.498667001724243
2.447549343109131
2.409581184387207
2.3666584491729736
2.3278565406799316
2.2948482036590576
2.263756275177002
2.2159624099731445
2.1785621643066406
2.1394200325012207
2.1019458770751953
2.063525438308716
2.027334451675415
1.9841097593307495
1.9500962495803833
1.9302124977111816
1.9208728075027466
1.8747655153274536
1.8473379611968994
1.8345602750778198
1.7907766103744507
1.7862632274627686
1.7486015558242798
1.733127236366272
1.708915114402771
1.698830008506775
1.6667927503585815
1.6505545377731323
1.6259820461273193
1.6167359352111816
1.589893102645874
1.5820444822311401
1.5614951848983765
1.5487980842590332
1.530307412147522
1.5175000429153442
1.498997688293457
1.4885555505752563
1.4796018600463867
1.4602056741714478
1.4564199447631836
1.4413552284240723
1.4316036701202393
1.4216755628585815
1.4130008220672607
1.4042870998382568
1.3904950618743896
1.3813858032226562
1.3735865354537964
1.363447666168213
1.3601746559143066
1.3477160930633545
1.3409265279769897
1.3320432901382446
1.3244004249572754
1.3203721046447754
1.3116536140441895
1.302873134613037
1.2920961380004883
1.28910493850708
1.283388614654541
1.279079794883728
1.2744232416152954
1.2718924283981323
1.2649449110031128
1.258043646812439
1.251859188079834
1.2534782886505127
1.2474514245986938
1.2355504035949707
1.2334378957748413
1.231458306312561
1.2207804918289185
1.2196013927459717
1.218645453453064
1.209441065788269
1.2104966640472412
1.2041047811508179
1.2007969617843628
1.1969075202941895
1.193558692932129
1.1916205883026123
1.1854556798934937
1.185120701789856
1.1810563802719116
1.17412531375885
1.1754401922225952
1.1751242876052856
1.1711206436157227
1.1712613105773926
1.1660735607147217
1.168088674545288
1.165906548500061
1.163020133972168
1.1602035760879517
1.1598339080810547
1.157961130142212
1.1563448905944824
1.1556795835494995
1.1516194343566895
1.1529864072799683
1.149319052696228
1.1508251428604126
1.1435846090316772
1.1431645154953003
1.1413319110870361
1.1441950798034668
1.1375327110290527
1.1399784088134766
1.136237621307373
1.1382774114608765
1.1334127187728882
1.1327320337295532
1.1315677165985107
1.129188895225525
1.130082607269287
1.1252858638763428
1.1276469230651855
1.1217565536499023
1.1217256784439087
1.124306559562683
1.1204710006713867
1.11612868309021
1.1146796941757202
1.1164528131484985
1.1131551265716553
1.1139352321624756
1.114201307296753
1.1128196716308594
1.1071468591690063
1.110125184059143
1.1051419973373413
1.1068953275680542
1.0989943742752075
1.1039564609527588
1.0989136695861816
1.10185968875885
1.1014864444732666
1.1012414693832397
1.0958406925201416
1.0949732065200806
1.0944645404815674
1.0920673608779907
1.0922774076461792
1.089408040046692
1.0910935401916504
1.085615634918213
1.0862337350845337
1.0854322910308838
1.0838532447814941
1.0809946060180664
1.0804327726364136
1.0803872346878052
1.082201600074768
1.078162670135498
1.075753927230835
1.0726274251937866
1.0726549625396729
1.0712206363677979
1.0737886428833008
1.0714558362960815
1.0722628831863403
1.0720598697662354
1.0666007995605469
1.0645264387130737
1.064460039138794
1.0616214275360107
1.0619337558746338
1.0606576204299927
1.0598841905593872
1.0587077140808105
1.0584280490875244
1.0597847700119019
1.057091474533081
1.056742548942566
1.0537915229797363
1.0519996881484985
1.0543056726455688
1.0500913858413696
1.0517292022705078
1.0519847869873047
1.0518815517425537
1.0478993654251099
1.0434383153915405
1.045944333076477
1.0432237386703491
1.0479681491851807
1.0438255071640015
1.0440161228179932
1.0451771020889282
1.0428087711334229
1.0414551496505737
1.0427452325820923
1.0443869829177856
1.0407875776290894
1.0380651950836182
1.0380632877349854
1.0413007736206055
1.0388734340667725
1.0409729480743408
1.037109375
1.0375423431396484
1.0382142066955566
1.0368553400039673
1.039026141166687
1.0361846685409546
1.0360935926437378
1.032285213470459
1.0343488454818726
1.0336772203445435
1.0333012342453003
1.0333805084228516
1.0336501598358154
1.0339462757110596
1.029613971710205
1.031640648841858
1.0303972959518433
1.0315392017364502
1.0340571403503418
1.0296661853790283
1.0298935174942017
1.0321018695831299
1.0289417505264282
1.0300136804580688
1.0267610549926758
1.0280531644821167
1.0297116041183472
1.0226331949234009
1.027259111404419
1.0284417867660522
1.0254164934158325
1.025368571281433
1.0270476341247559
1.021662950515747
1.0273940563201904
1.025823712348938
1.025164246559143
1.0233359336853027
1.0259045362472534
1.023686408996582
1.0228638648986816
1.0224792957305908
1.0219260454177856
1.02230966091156
1.0224981307983398
1.0196326971054077
1.0210973024368286
1.0192408561706543
1.020262360572815
1.017113208770752
1.020300269126892
1.0169177055358887
1.0195664167404175
1.0164966583251953
1.0206903219223022
1.0182101726531982
1.018343448638916
1.0156986713409424
1.016364574432373
1.015641450881958
1.0144685506820679
1.0147799253463745
1.0159646272659302
1.0135620832443237
1.0130889415740967
1.0133670568466187
1.01529860496521
1.0117971897125244
1.0104424953460693
1.0125815868377686
1.0143555402755737
1.0104498863220215
1.0125926733016968
1.009921908378601
1.0094274282455444
1.0118017196655273
1.0100172758102417
1.0081140995025635
1.007326364517212
1.0100464820861816
1.0062741041183472
1.0078116655349731
1.0090092420578003
1.0055809020996094
1.0040698051452637
1.0041344165802002
1.0072137117385864
1.0061187744140625
1.0044068098068237
1.0030195713043213
1.0052154064178467
1.0032442808151245
1.0030453205108643
1.0056205987930298
1.0041069984436035
1.0033315420150757
1.0013740062713623
1.0017766952514648
0.9991716146469116
1.0030313730239868
0.9984480142593384
1.0008244514465332
0.9992002248764038
1.001444935798645
0.9972079992294312
0.9980664849281311
0.9986582398414612
0.9968207478523254
0.9979997277259827
0.9967736005783081
0.9979435205459595
0.9967404007911682
0.9967849850654602
0.9947875738143921
0.996976912021637
0.9970235824584961
0.9957334995269775
0.995543360710144
0.9948266744613647
0.9948417544364929
0.9922536611557007
0.9903992414474487
0.9911523461341858
0.9952630400657654
0.9908434152603149
0.990483283996582
0.9929105043411255
0.9887997508049011
0.9922826290130615
0.9886749982833862
0.9914116859436035
0.9909481406211853
0.9905294179916382
0.990620493888855
0.9881891012191772
0.9921082854270935
0.9847891330718994
0.9879887700080872
0.9886212348937988
0.9861012101173401
0.9876012206077576
0.983716607093811
0.987445056438446
0.9836747646331787
0.9856070876121521
0.9861983060836792
0.9846541285514832
0.981115996837616
0.9879432320594788
0.981712281703949
0.9845981001853943
0.9837481379508972
0.9824076294898987
0.979475200176239
0.9808738231658936
0.9800098538398743
0.9784857034683228
0.9798738956451416
0.9790748357772827
0.9780131578445435
0.977211594581604
0.9757733345031738
0.9771539568901062
0.9803313612937927
0.9798154830932617
0.9789339900016785
0.9786646366119385
0.9784682393074036
0.9794553518295288
0.9787502288818359
0.9769629836082458
0.9749916791915894
0.9754887223243713
0.9724721312522888
0.9735458493232727
0.9750128388404846
0.9744052886962891
0.9732385873794556
0.9731872081756592
0.9724686741828918
0.9722779393196106
0.9701195955276489
0.9718030691146851