3.834010601043701
3.578627109527588
3.366530656814575
3.218183994293213
3.17102313041687
3.1218698024749756
3.0574393272399902
3.0036745071411133
2.9577484130859375
2.9150633811950684
2.865154504776001
2.8146421909332275
2.762091636657715
2.702597141265869
2.654357433319092
2.6081442832946777
2.5509729385375977
2.4969589710235596
2.449324369430542
2.4119577407836914
2.3676726818084717
2.331420421600342
2.294922113418579
2.2649075984954834
2.2198967933654785
2.1800665855407715
2.1394588947296143
2.102537155151367
2.066291093826294
2.024722099304199
1.9909884929656982
1.9545292854309082
1.9293540716171265
1.9097905158996582
1.8684334754943848
1.837125301361084
1.8161635398864746
1.7851606607437134
1.769014596939087
1.7426669597625732
1.7175086736679077
1.7010722160339355
1.676181674003601
1.6630189418792725
1.6362885236740112
1.6185975074768066
1.599381446838379
1.5802572965621948
1.564511775970459
1.5471659898757935
1.5296313762664795
1.5170613527297974
1.5013818740844727
1.4883453845977783
1.4775718450546265
1.4644031524658203
1.4528014659881592
1.4399659633636475
1.4253305196762085
1.4193179607391357
1.4087563753128052
1.3966419696807861
1.386827826499939
1.3736993074417114
1.3706228733062744
1.3607573509216309
1.3530951738357544
1.3429207801818848
1.3367578983306885
1.3266334533691406
1.3177833557128906
1.3143205642700195
1.3048866987228394
1.3007395267486572
1.293351650238037
1.2864713668823242
1.2805142402648926
1.2747122049331665
1.2709733247756958
1.2663989067077637
1.2572604417800903
1.2524482011795044
1.2478325366973877
1.2420212030410767
1.2378695011138916
1.2318161725997925
1.2251205444335938
1.2234488725662231
1.2168735265731812
1.2142415046691895
1.209883689880371
1.2062296867370605
1.2007770538330078
1.1968684196472168
1.1920533180236816
1.1858454942703247
1.1834131479263306
1.1835212707519531
1.178477168083191
1.174226999282837
1.1725231409072876
1.1660517454147339
1.1680461168289185
1.1627670526504517
1.165246605873108
1.161730170249939
1.1593308448791504
1.157057285308838
1.156866431236267
1.1526448726654053
1.1542770862579346
1.1487383842468262
1.1499923467636108
1.150173306465149
1.1441587209701538
1.144808292388916
1.1413711309432983
1.1446187496185303
1.140992283821106
1.1368693113327026
1.1349925994873047
1.1338094472885132
1.1327754259109497
1.1329772472381592
1.1301175355911255
1.1297252178192139
1.1280953884124756
1.126694917678833
1.1237295866012573
1.1216459274291992
1.120121955871582
1.1198234558105469
1.1175459623336792
1.1138852834701538
1.1135276556015015
1.1125625371932983
1.1141140460968018
1.1104099750518799
1.1110423803329468
1.108379602432251
1.1091333627700806
1.1067345142364502
1.104725956916809
1.1044692993164062
1.1016788482666016
1.099974513053894
1.0963243246078491
1.0975713729858398
1.0946848392486572
1.0944099426269531
1.093013048171997
1.092350721359253
1.0914669036865234
1.0867116451263428
1.0901426076889038
1.0857099294662476
1.085135817527771
1.084742784500122
1.0839009284973145
1.0817437171936035
1.0801465511322021
1.0788472890853882
1.078755497932434
1.0746970176696777
1.075559139251709
1.0736680030822754
1.0727695226669312
1.0714212656021118
1.0699889659881592
1.0687050819396973
1.0678846836090088
1.0722676515579224
1.0648930072784424
1.0637542009353638
1.0627193450927734
1.062293529510498
1.0626553297042847
1.0621063709259033
1.0592124462127686
1.058854341506958
1.0583854913711548
1.0561178922653198
1.0560775995254517
1.0547924041748047
1.0537163019180298
1.0528095960617065
1.0465779304504395
1.0511934757232666
1.0461876392364502
1.0459681749343872
1.0445129871368408
1.0461655855178833
1.045128345489502
1.041878581047058
1.0387859344482422
1.0414459705352783
1.0380421876907349
1.0392649173736572
1.0368915796279907
1.0382163524627686
1.0343127250671387
1.0344312191009521
1.0347156524658203
1.0358939170837402
1.0297350883483887
1.0335074663162231
1.0334528684616089
1.0313905477523804
1.0329681634902954
1.0296813249588013
1.0302369594573975
1.0326836109161377
1.0283923149108887
1.0311315059661865
1.0305746793746948
1.0295143127441406
1.030142068862915
1.0282481908798218
1.0256340503692627
1.0287528038024902
1.0280379056930542
1.0268449783325195
1.0259599685668945
1.0252132415771484
1.025306224822998
1.026435375213623
1.0211015939712524
1.0220093727111816
1.0233415365219116
1.0244921445846558
1.0248180627822876
1.0218573808670044
1.0225861072540283
1.0206060409545898
1.0215564966201782
1.0214073657989502
1.0187627077102661
1.020488977432251
1.0202898979187012
1.0174028873443604
1.0177717208862305
1.016182780265808
1.0213695764541626
1.016893744468689
1.0168983936309814
1.0159168243408203
1.0171899795532227
1.0177510976791382
1.0139548778533936
1.0138019323349
1.0157241821289062
1.0154074430465698
1.0122199058532715
1.0112589597702026
1.01312255859375
1.0141117572784424
1.013091802597046
1.0140666961669922
1.009947657585144
1.010934591293335
1.01183021068573
1.011500597000122
1.0114450454711914
1.0123445987701416
1.0087792873382568
1.0093836784362793
1.0089045763015747
1.0109018087387085
1.0093353986740112
1.0100613832473755
1.0059294700622559
1.0053918361663818
1.0076240301132202
1.009920358657837
1.0055413246154785
1.0058000087738037
1.00518798828125
1.0065330266952515
1.0032321214675903
1.0040769577026367
1.0034743547439575
1.004604697227478
1.0034288167953491
1.0022965669631958
1.0034563541412354
1.0008325576782227
1.0033786296844482
1.0019266605377197
1.0014562606811523
1.000903844833374
0.9991501569747925
0.9996451139450073
1.0020831823349
1.0002162456512451
1.000267744064331
0.9995505809783936
0.9974347949028015
0.9965776205062866
0.996207594871521
0.9956667423248291
0.9969710111618042
0.9949311017990112
0.9953898787498474
0.997279703617096
0.9958572387695312
0.995746910572052
0.9948067665100098
0.9919956922531128
0.9951175451278687
0.9923850893974304
0.992903470993042
0.9943552613258362
0.99543297290802
0.9913716912269592
0.9922823905944824
0.9902287125587463
0.990963876247406
0.9913382530212402
0.9907947778701782
0.9890821576118469
0.9892419576644897
0.9877879023551941
0.9892498850822449
0.9887361526489258
0.9874628782272339
0.9891475439071655
0.9877668023109436
0.9894277453422546
0.9869216680526733
0.9849187731742859
0.9876002073287964
0.9840651750564575
0.9856479167938232
0.9860268831253052
0.9835487008094788
0.9845956563949585
0.9837880730628967
0.9829297065734863
0.9821152687072754
0.9846017956733704
0.9814313650131226
0.9812954664230347
0.980587363243103
0.9813917875289917
0.9816469550132751
0.9808558225631714
0.9786118268966675
0.9810675978660583
0.9806981086730957
0.9800772070884705
0.9797762632369995
0.9803953170776367
0.9829813241958618
0.9775815606117249
0.9777936935424805
0.9756428003311157
0.9739212393760681
0.9772672653198242
0.9735067486763
0.9755281805992126
0.9766643047332764
0.9754665493965149
0.9750630259513855
0.9744207859039307
0.9742605686187744
0.9733206629753113
0.9723309874534607
0.9744417667388916
0.9727647304534912
0.9735220670700073
0.9721515774726868
0.9727512001991272
0.9712321758270264
0.9692950248718262
0.9720720052719116
0.9686509370803833
0.9705033302307129
0.9694185853004456
0.9677294492721558
0.9667372703552246
0.9694864749908447
0.9685583710670471
0.9673153162002563
0.9680708050727844
0.9690945148468018
0.9672449827194214
0.9671642184257507
0.9656709432601929
0.9666033387184143
0.9662327170372009
0.9626864194869995
0.9636280536651611
0.9655342102050781
0.9626193046569824
0.9659040570259094
0.9645516276359558
0.9663259983062744
0.9629173278808594
0.9632725715637207
0.9615747928619385