file------  lr_0.007_200_loss.log
1.9514586925506592
1.9473803043365479
1.9498567581176758
1.9476433992385864
1.9462890625
1.9459483623504639
1.9468671083450317
1.9438602924346924
1.939726710319519
1.9420392513275146
1.9383913278579712
1.941006064414978
1.9396227598190308
1.9344027042388916
1.9345389604568481
1.9318169355392456
1.9364500045776367
1.9308961629867554
1.9362269639968872
1.9221339225769043
1.9364455938339233
1.9246307611465454
1.916162371635437
1.9155750274658203
1.9163637161254883
1.9188090562820435
1.9160566329956055
1.9120252132415771
1.9117366075515747
1.9184359312057495
1.9124982357025146
1.9199484586715698
1.8981012105941772
1.9085698127746582
1.9022109508514404
1.891183853149414
1.9254229068756104
1.9071452617645264
1.8850505352020264
1.9055728912353516
1.9032915830612183
1.8967164754867554
1.9088457822799683
1.922694444656372
1.8849645853042603
1.8813644647598267
1.9051387310028076
1.9061781167984009
1.9036123752593994
1.8715988397598267
1.8792108297348022
1.905275583267212
1.8859800100326538
1.8823055028915405
1.890936255455017
1.8990191221237183
1.880220651626587
1.888588786125183
1.8824868202209473
1.8737932443618774
1.8771896362304688
1.883386254310608
1.88418447971344
1.8459125757217407
1.8866326808929443
1.8765027523040771
1.8663922548294067
1.8719539642333984
1.874753713607788
1.8800262212753296
1.8938838243484497
1.8731213808059692
1.8604686260223389
1.8709263801574707
1.8435736894607544
1.8674876689910889
1.8579648733139038
1.8555278778076172
1.844299077987671
1.8472658395767212
1.871769666671753
1.8498351573944092
1.8291630744934082
1.8209222555160522
1.8370672464370728
1.8184696435928345
1.821266770362854
1.8143683671951294
1.8308416604995728
1.8474597930908203
1.8107221126556396
1.8083792924880981
1.8478938341140747
1.8056799173355103
1.802414059638977
1.792028784751892
1.8845583200454712
1.7733088731765747
1.7505605220794678
1.8355107307434082
1.7741527557373047
1.778312087059021
1.8013341426849365
1.786271095275879
1.789684772491455
1.7788788080215454
1.7779191732406616
1.8496898412704468
1.7351635694503784
1.7890688180923462
1.7751648426055908
1.750718593597412
1.746579885482788
1.7637237310409546
1.8346542119979858
1.8269823789596558
1.7569798231124878
1.7365833520889282
1.764164924621582
1.785901427268982
1.7661190032958984
1.7800204753875732
1.842071771621704
1.7798430919647217
1.7837978601455688
1.7724603414535522
1.7893368005752563
1.7890514135360718
1.7600380182266235
1.7312915325164795
1.7435598373413086
1.7552493810653687
1.7193385362625122
1.735181212425232
1.7684839963912964
1.707610011100769
1.7488027811050415
1.7341747283935547
1.7043335437774658
1.739898681640625
1.7378488779067993
1.7720407247543335
1.8363069295883179
1.835140347480774
1.815649390220642
1.8451135158538818
1.7848820686340332
1.7852691411972046
1.7911367416381836
1.783839225769043
1.7731800079345703
1.7694146633148193
1.7463743686676025
1.7414366006851196
1.7683484554290771
1.740392804145813
1.7293564081192017
1.7389034032821655
1.775503158569336
1.7355238199234009
1.739092469215393
1.7334219217300415
1.717093586921692
1.6991629600524902
1.7255362272262573
1.719881534576416
1.7240675687789917
1.7336617708206177
1.769774317741394
1.739140272140503
1.716910719871521
1.7237248420715332
1.7172744274139404
1.7326462268829346
1.698683738708496
1.7092406749725342
1.702134370803833
1.7031331062316895
1.6976157426834106
1.7355079650878906
1.7350531816482544
1.7054107189178467
1.7082563638687134
1.699228048324585
1.7143678665161133
1.6838150024414062
1.6939247846603394
1.6977696418762207
1.6757919788360596
1.7162010669708252
1.6869571208953857
1.742112159729004
1.7144135236740112
1.680945634841919
1.691095232963562
1.6837670803070068
1.6858290433883667
1.6527270078659058
1.6667143106460571
1.645636796951294

file------  __pycache__

file------  full_batch_train_lstm.py

file------  lr_0.013_200_loss.log
1.9514586925506592
1.9460163116455078
1.9487947225570679
1.9454364776611328
1.9449713230133057
1.9439126253128052
1.9467520713806152
1.9413607120513916
1.9338245391845703
1.935567855834961
1.9313186407089233
1.934632420539856
1.9317750930786133
1.9238401651382446
1.922232747077942
1.9187498092651367
1.9260653257369995
1.9122880697250366
1.9267441034317017
1.8967258930206299
1.9215635061264038
1.9018404483795166
1.8945493698120117
1.8913121223449707
1.8908843994140625
1.902953028678894
1.902074933052063
1.8877332210540771
1.8848048448562622
1.8918399810791016
1.902498483657837
1.892525315284729
1.8804571628570557
1.8940529823303223
1.8864551782608032
1.8637863397598267
1.9183402061462402
1.8955649137496948
1.8735953569412231
1.8751384019851685
1.8871523141860962
1.8749895095825195
1.8984102010726929
1.9053131341934204
1.8627874851226807
1.8484599590301514
1.9153555631637573
1.8828990459442139
1.8739615678787231
1.8485362529754639
1.8787366151809692
1.8893203735351562
1.8641754388809204
1.8693915605545044
1.8770636320114136
1.8799320459365845
1.8656073808670044
1.871390700340271
1.854500412940979
1.84902822971344
1.8653653860092163
1.8868255615234375
1.8749775886535645
1.8252253532409668
1.850312352180481
1.8574713468551636
1.8493865728378296
1.854857087135315
1.8559901714324951
1.8627197742462158
1.8462203741073608
1.8534016609191895
1.8364518880844116
1.8463873863220215
1.8179035186767578
1.8490524291992188
1.8218178749084473
1.8400157690048218
1.8299342393875122
1.8136273622512817
1.8452250957489014
1.8155646324157715
1.7911913394927979
1.7797319889068604
1.8130627870559692
1.7729450464248657
1.783359169960022
1.7671763896942139
1.7599340677261353
1.8133116960525513
1.7739561796188354
1.7575933933258057
1.7813187837600708
1.810302495956421
1.7602930068969727
1.7564804553985596
1.7598862648010254
1.7420008182525635
1.722779393196106
1.7897120714187622
1.7333831787109375
1.7397924661636353
1.7508411407470703
1.751957654953003
1.7396994829177856
1.7539719343185425
1.7687519788742065
1.7599811553955078
1.6965370178222656
1.7093288898468018
1.744533658027649
1.759665846824646
1.723044514656067
1.7309000492095947
1.7482000589370728
1.7866075038909912
1.7245877981185913
1.678812026977539
1.729655146598816
1.7324771881103516
1.7063289880752563
1.729560136795044
1.7068225145339966
1.7642239332199097
1.7791815996170044
1.7725847959518433
1.6970226764678955
1.7977957725524902
1.8155415058135986
1.6884486675262451
1.7165617942810059
1.7027190923690796
1.7165584564208984
1.6873047351837158
1.7286781072616577
1.6740355491638184
1.7004109621047974
1.726896047592163
1.700182557106018
1.7519075870513916
1.770376205444336
1.759086012840271
1.7785816192626953
1.7442529201507568
1.7381513118743896
1.767521619796753
1.7338351011276245
1.6977465152740479
1.6982555389404297
1.7332361936569214
1.7001900672912598
1.6776540279388428
1.721700668334961
1.7058215141296387
1.747564673423767
1.6929717063903809
1.7007781267166138
1.649398684501648
1.7402710914611816
1.718322515487671
1.6824586391448975
1.6947352886199951
1.6825053691864014
1.6785361766815186
1.6973135471343994
1.658560872077942
1.7319754362106323
1.6694097518920898
1.6902155876159668
1.7223777770996094
1.6561936140060425
1.6787420511245728
1.6504155397415161
1.642713189125061
1.6527235507965088
1.6466972827911377
1.6497385501861572
1.6203351020812988
1.60719895362854
1.6843233108520508
1.6951888799667358
1.6252210140228271
1.5691465139389038
1.5719547271728516
1.6594982147216797
1.6121325492858887
1.6216201782226562
1.6429121494293213
1.5898590087890625
1.6832680702209473
1.6429436206817627
1.6852089166641235
1.6940301656723022
1.6402482986450195
1.6606491804122925
1.6474279165267944
1.671897292137146
1.6658985614776611
1.6368823051452637
1.649528980255127

file------  gatconv.py

file------  lr_0.01_200_loss.log
1.9514586925506592
1.946661353111267
1.9492477178573608
1.9463688135147095
1.9453964233398438
1.9446073770523071
1.9468015432357788
1.9426618814468384
1.9368255138397217
1.939206600189209
1.934914231300354
1.937598705291748
1.9356695413589478
1.9289356470108032
1.9282644987106323
1.9249578714370728
1.9312201738357544
1.9218629598617554
1.9308124780654907
1.9092457294464111
1.9284110069274902
1.9124398231506348
1.9045133590698242
1.9015560150146484
1.9028701782226562
1.9074254035949707
1.9061386585235596
1.895788550376892
1.8967276811599731
1.9030550718307495
1.9052479267120361
1.901669979095459
1.8845716714859009
1.9008949995040894
1.890072226524353
1.8735891580581665
1.9171334505081177
1.9000505208969116
1.8731902837753296
1.8800551891326904
1.8914166688919067
1.8812251091003418
1.9046980142593384
1.9095350503921509
1.8675774335861206
1.871405005455017
1.894860863685608
1.8920141458511353
1.873892903327942
1.8544992208480835
1.8806021213531494
1.8841105699539185
1.8718606233596802
1.875299334526062
1.8759922981262207
1.8798056840896606
1.8618237972259521
1.8749918937683105
1.8719593286514282
1.8651306629180908
1.8614702224731445
1.878230094909668
1.8780149221420288
1.8305708169937134
1.8529794216156006
1.859130620956421
1.846440076828003
1.864871859550476
1.851316213607788
1.8705720901489258
1.8525429964065552
1.8537724018096924
1.8331419229507446
1.8422260284423828
1.824399709701538
1.857047200202942
1.8244112730026245
1.8211911916732788
1.8200422525405884
1.8265125751495361
1.8347930908203125
1.810862421989441
1.789156198501587
1.777023196220398
1.8172292709350586
1.7848190069198608
1.7910043001174927
1.7823351621627808
1.7846994400024414
1.8247874975204468
1.7851524353027344
1.7574639320373535
1.800148606300354
1.7707082033157349
1.7486788034439087
1.8513349294662476
1.771142840385437
1.7853385210037231
1.8126187324523926
1.8635406494140625
1.798021674156189
1.8092154264450073
1.8092435598373413
1.7752950191497803
1.7734390497207642
1.7604957818984985
1.7701301574707031
1.790223240852356
1.7401753664016724
1.7433176040649414
1.780507206916809
1.7492159605026245
1.7284352779388428
1.748525619506836
1.7500338554382324
1.75954270362854
1.7390687465667725
1.7242614030838013
1.7439543008804321
1.7591482400894165
1.7278351783752441
1.7334707975387573
1.7598985433578491
1.7321066856384277
1.7432465553283691
1.7424685955047607
1.7463692426681519
1.7713019847869873
1.7410694360733032
1.7083429098129272
1.7312437295913696
1.729392170906067
1.7321741580963135
1.7169458866119385
1.747092843055725
1.6975382566452026
1.7124513387680054
1.7045005559921265
1.6789767742156982
1.703340768814087
1.7096463441848755
1.6898319721221924
1.7289828062057495
1.681955099105835
1.6997802257537842
1.7102464437484741
1.6903789043426514
1.6923800706863403
1.6605247259140015
1.7002240419387817
1.7026469707489014
1.644057035446167
1.6991980075836182
1.680125117301941
1.6781086921691895
1.6231871843338013
1.6838079690933228
1.7240800857543945
1.762125015258789
1.705789566040039
1.7401793003082275
1.6916580200195312
1.695078730583191
1.68292236328125
1.739804983139038
1.7496615648269653
1.7194477319717407
1.7256226539611816
1.7582893371582031
1.7568458318710327
1.7581968307495117
1.7173166275024414
1.660163164138794
1.759745717048645
1.7034199237823486
1.6896510124206543
1.6488323211669922
1.64385187625885
1.6668212413787842
1.6946409940719604
1.6933869123458862
1.6630030870437622
1.6176649332046509
1.6654481887817383
1.6646090745925903
1.605090618133545
1.6434804201126099
1.6388989686965942
1.604444980621338
1.639121413230896
1.6110037565231323
1.6460899114608765
1.6517497301101685
1.6132339239120483
1.643154263496399
1.6136369705200195
1.645127534866333
1.6070232391357422
1.5983402729034424
1.5909124612808228

file------  200_np_loss_acc.log
1.9514586925506592

file------  gat_model.py

file------  lr_0.0125_200_loss.log
1.9514586925506592
1.9461183547973633
1.9488531351089478
1.945551872253418
1.9450328350067139
1.9439913034439087
1.9467594623565674
1.9416028261184692
1.9343061447143555
1.9362150430679321
1.931827187538147
1.9351314306259155
1.9323711395263672
1.9245805740356445
1.9228140115737915
1.9198826551437378
1.9267643690109253
1.9138299226760864
1.9273360967636108
1.8981904983520508
1.9226881265640259
1.9030487537384033
1.8960952758789062
1.892639398574829
1.891447901725769
1.904104232788086
1.90121591091156
1.889129638671875
1.8862422704696655
1.893248438835144
1.9021174907684326
1.8926947116851807
1.8813934326171875
1.8944159746170044
1.886193871498108
1.8635491132736206
1.921303391456604
1.8931437730789185
1.8719689846038818
1.8758658170700073
1.8832569122314453
1.8751643896102905
1.899753212928772
1.9047809839248657
1.8618626594543457
1.8530791997909546
1.9077008962631226
1.8868439197540283
1.8724370002746582
1.8498727083206177
1.8800535202026367
1.8917343616485596
1.8668394088745117
1.8673040866851807
1.8812350034713745
1.884097695350647
1.863466501235962
1.8720495700836182
1.8571033477783203
1.8461222648620605
1.8644616603851318
1.8848098516464233
1.8744641542434692
1.8215150833129883
1.8541117906570435
1.8609087467193604
1.8474923372268677
1.85110604763031
1.854762315750122
1.8608335256576538
1.8433432579040527
1.8449018001556396
1.8257765769958496
1.8192754983901978
1.7894445657730103
1.8265336751937866
1.7889399528503418
1.799884557723999
1.8029142618179321
1.7993718385696411
1.817773461341858
1.7682403326034546
1.76255202293396
1.7529323101043701
1.7873448133468628
1.7443617582321167
1.7512348890304565
1.7650450468063354
1.7565031051635742
1.7772473096847534
1.7260223627090454
1.7571889162063599
1.7777208089828491
1.7798758745193481
1.8109931945800781
1.7759901285171509
1.7666740417480469
1.7543123960494995
1.750148892402649
1.8031787872314453
1.7359097003936768
1.7283968925476074
1.7540885210037231
1.747195839881897
1.719628095626831
1.738120675086975
1.739963173866272
1.7462890148162842
1.707384705543518
1.7144694328308105
1.6974397897720337
1.692701816558838
1.7076295614242554
1.7386130094528198
1.7236270904541016
1.7599453926086426
1.7344679832458496
1.7093685865402222
1.7073549032211304
1.693984031677246
1.7267792224884033
1.702826976776123
1.7387938499450684
1.7627811431884766
1.7523242235183716
1.7631399631500244
1.7238848209381104
1.7445634603500366
1.738968849182129
1.7809964418411255
1.7264591455459595
1.7044028043746948
1.7084105014801025
1.6999536752700806
1.7555569410324097
1.7214109897613525
1.7763831615447998
1.7177796363830566
1.6844749450683594
1.6988180875778198
1.7187734842300415
1.6783878803253174
1.735474944114685
1.6702467203140259
1.7049480676651
1.7054795026779175
1.679099440574646
1.6531754732131958
1.7036343812942505
1.6938111782073975
1.6982109546661377
1.703079104423523
1.7068383693695068
1.7149702310562134
1.698587417602539
1.7090036869049072
1.6978161334991455
1.7020292282104492
1.7574400901794434
1.7532762289047241
1.7258085012435913
1.7193764448165894
1.7282893657684326
1.684127926826477
1.7168647050857544
1.69744074344635
1.7097399234771729
1.7418028116226196
1.7102185487747192
1.7401914596557617
1.6803405284881592
1.6880080699920654
1.6772613525390625
1.6785844564437866
1.6627211570739746
1.6697081327438354
1.6620337963104248
1.6705514192581177
1.6729278564453125
1.7048062086105347
1.681443691253662
1.6712875366210938
1.6489828824996948
1.656922459602356
1.685023546218872
1.6605461835861206
1.6508606672286987
1.6447553634643555
1.6558773517608643
1.6934014558792114
1.6481472253799438
1.662635087966919
1.6725877523422241
1.6650205850601196
1.6481513977050781
1.6910468339920044
1.679449200630188
1.6104958057403564
1.6639779806137085
1.6634894609451294

file------  lr_0.006_200_loss.log
1.9514586925506592
1.9476360082626343
1.9500890970230103
1.9481282234191895
1.946781873703003
1.9466155767440796
1.946990966796875
1.9443734884262085
1.9407448768615723
1.942839503288269
1.9395086765289307
1.9421031475067139
1.9408671855926514
1.9362695217132568
1.9366008043289185
1.9342232942581177
1.9381310939788818
1.9337886571884155
1.938102126121521
1.926169514656067
1.9389958381652832
1.9284781217575073
1.9206058979034424
1.9211076498031616
1.9211759567260742
1.9233498573303223
1.9203567504882812
1.9183543920516968
1.9177435636520386
1.9226289987564087
1.9178375005722046
1.9261404275894165
1.905638337135315
1.9129527807235718
1.9090458154678345
1.897181510925293
1.9288955926895142
1.9113438129425049
1.8941079378128052
1.9141740798950195
1.9114221334457397
1.9042729139328003
1.9130725860595703
1.925636887550354
1.896549105644226
1.885839581489563
1.90777587890625
1.911035418510437
1.9161747694015503
1.8769339323043823
1.888580083847046
1.9108082056045532
1.896973967552185
1.8896499872207642
1.8965643644332886
1.9054439067840576
1.890053629875183
1.9035192728042603
1.8958873748779297
1.8874503374099731
1.8847156763076782
1.8847126960754395
1.8884246349334717
1.8627398014068604
1.8943078517913818
1.8852626085281372
1.8778167963027954
1.8813868761062622
1.8737990856170654
1.884426474571228
1.9126516580581665
1.881186842918396
1.8719948530197144
1.8800411224365234
1.848575472831726
1.8828399181365967
1.8712208271026611
1.8690303564071655
1.8544687032699585
1.8578256368637085
1.891661524772644
1.873810887336731
1.859993577003479
1.8499435186386108
1.8622076511383057
1.8490543365478516
1.8504849672317505
1.8523622751235962
1.8749324083328247
1.8826159238815308
1.8597307205200195
1.8417729139328003
1.883000135421753
1.8558402061462402
1.8546292781829834
1.841335654258728
1.8661139011383057
1.838354468345642
1.8091009855270386
1.8859795331954956
1.8133939504623413
1.8046048879623413
1.8280874490737915
1.8202556371688843
1.8239816427230835
1.8231334686279297
1.8115003108978271
1.823341727256775
1.7823619842529297
1.7778122425079346
1.811530590057373
1.8124631643295288
1.7735238075256348
1.7842257022857666
1.877568244934082
1.8591766357421875
1.7806183099746704
1.752623200416565
1.7674576044082642
1.783637285232544
1.7508013248443604
1.7697908878326416
1.7909780740737915
1.753211259841919
1.8022077083587646
1.7582014799118042
1.759103775024414
1.7703922986984253
1.7566498517990112
1.738814353942871
1.7517794370651245
1.7702465057373047
1.741532564163208
1.7439849376678467
1.7641992568969727
1.7344214916229248
1.7429101467132568
1.738257646560669
1.7312413454055786
1.7577787637710571
1.7472087144851685
1.7678675651550293
1.849489450454712
1.7308979034423828
1.73838472366333
1.8018983602523804
1.7782833576202393
1.8046855926513672
1.763780951499939
1.7861460447311401
1.7582954168319702
1.750675916671753
1.750089168548584
1.7304596900939941
1.7642611265182495
1.7207205295562744
1.7061187028884888
1.6929619312286377
1.73757803440094
1.715789556503296
1.6823312044143677
1.6974034309387207
1.7011277675628662
1.698946475982666
1.7019599676132202
1.7194820642471313
1.7347533702850342
1.749350905418396
1.7590287923812866
1.731189489364624
1.7214221954345703
1.723599910736084
1.7007900476455688
1.693929672241211
1.687759280204773
1.6866954565048218
1.7058950662612915
1.692949652671814
1.7339966297149658
1.703311800956726
1.727713942527771
1.7334539890289307
1.7669494152069092
1.7546215057373047
1.7893245220184326
1.7613083124160767
1.7696855068206787
1.7299429178237915
1.7212738990783691
1.7320674657821655
1.7059509754180908
1.7473127841949463
1.7588143348693848
1.7052215337753296
1.7182536125183105
1.7107970714569092
1.6901758909225464
1.6579793691635132
1.740012764930725
1.682178020477295

file------  collect_data.py

file------  bak

file------  memory_usage.py

file------  lr_0.005_200_np_loss.log
1.9514586925506592
1.9478996992111206
1.9503470659255981
1.948660969734192
1.947360634803772
1.9474166631698608
1.9472516775131226
1.9449833631515503
1.9418540000915527
1.9435940980911255
1.9406546354293823
1.9431278705596924
1.9421011209487915
1.938172698020935
1.9386740922927856
1.9365544319152832
1.9397685527801514
1.93655526638031
1.9399230480194092
1.9301587343215942
1.941226601600647
1.932129144668579
1.9251493215560913
1.9266060590744019
1.9258317947387695
1.9282068014144897
1.9257291555404663
1.9246337413787842
1.923708438873291
1.926569938659668
1.9240683317184448
1.9323049783706665
1.9137897491455078
1.9184541702270508
1.9176779985427856
1.90658438205719
1.9319497346878052
1.916406273841858
1.9045988321304321
1.9208881855010986
1.9192829132080078
1.9113564491271973
1.9159451723098755
1.9286401271820068
1.9073983430862427
1.8942615985870361
1.917686939239502
1.9213230609893799
1.9153739213943481
1.8881781101226807
1.9052934646606445
1.9148956537246704
1.90384042263031
1.8958890438079834
1.907863736152649
1.9102751016616821
1.904520034790039
1.9081017971038818
1.902315616607666
1.8940058946609497
1.8935496807098389
1.8870199918746948
1.8927849531173706
1.868255615234375
1.905763030052185
1.8909580707550049
1.8858129978179932
1.8810758590698242
1.8813163042068481
1.889992356300354
1.9107794761657715
1.8899112939834595
1.8723628520965576
1.880435824394226
1.8600555658340454
1.8889302015304565
1.8730376958847046
1.8714810609817505
1.8570414781570435
1.8670706748962402
1.8976643085479736
1.8721721172332764
1.8676910400390625
1.855716586112976
1.8692280054092407
1.8651539087295532
1.8557757139205933
1.8644698858261108
1.8742847442626953
1.8924176692962646
1.8705828189849854
1.8602848052978516
1.8886942863464355
1.8671462535858154
1.8597922325134277
1.8591595888137817
1.8845051527023315
1.862673282623291
1.8431980609893799
1.9030653238296509
1.8380482196807861
1.8343334197998047
1.862371802330017
1.8457083702087402
1.8620365858078003
1.8570257425308228
1.849485993385315
1.8451435565948486
1.835537075996399
1.819179892539978
1.8377020359039307
1.8409349918365479
1.8099792003631592
1.824856162071228
1.839473843574524
1.8296301364898682
1.81411874294281
1.7956920862197876
1.8080382347106934
1.8060901165008545
1.7820093631744385
1.7946707010269165
1.813125729560852
1.798643946647644
1.7819856405258179
1.7792059183120728
1.7854853868484497
1.9036431312561035
1.8604501485824585
1.7617641687393188
1.8145958185195923
1.8235524892807007
1.852778673171997
1.8353850841522217
1.8272892236709595
1.8061816692352295
1.8087146282196045
1.7599844932556152
1.764980435371399
1.7671842575073242
1.7908985614776611
1.7923051118850708
1.7979187965393066
1.7239232063293457
1.7548983097076416
1.7922511100769043
1.8050177097320557
1.773151159286499
1.7868196964263916
1.7985734939575195
1.7711066007614136
1.778610110282898
1.748354434967041
1.7376090288162231
1.7674914598464966
1.7935088872909546
1.7455285787582397
1.7323819398880005
1.7879247665405273
1.7493373155593872
1.7521737813949585
1.7534266710281372
1.7493926286697388
1.710985779762268
1.719451904296875
1.7160433530807495
1.7648605108261108
1.742407202720642
1.753835916519165
1.7877546548843384
1.7298333644866943
1.7129191160202026
1.7710075378417969
1.6954725980758667
1.7180238962173462
1.7858716249465942
1.718423843383789
1.7445638179779053
1.729515790939331
1.7572896480560303
1.7543764114379883
1.7293108701705933
1.705375075340271
1.7145692110061646
1.708229660987854
1.671944499015808
1.7180274724960327
1.7198641300201416
1.6970757246017456
1.6862412691116333
1.683583378791809
1.7275569438934326
1.7331420183181763
1.7212141752243042
1.7147749662399292
1.7093427181243896
1.7050470113754272
1.6838546991348267
1.695791482925415
1.699550986289978

file------  lr_0.009_200_loss.log
1.9514586925506592
1.9468930959701538
1.9494394063949585
1.9467731714248657
1.9456170797348022
1.944952130317688
1.9468083381652832
1.9430415630340576
1.9377943277359009
1.9402910470962524
1.9360743761062622
1.9387664794921875
1.9369882345199585
1.9306987524032593
1.9303157329559326
1.9271889925003052
1.9329679012298584
1.9250051975250244
1.9325674772262573
1.9134794473648071
1.9310450553894043
1.916597843170166
1.9080810546875
1.905617594718933
1.9069876670837402
1.9107379913330078
1.9081521034240723
1.9015239477157593
1.901146411895752
1.9088900089263916
1.9065133333206177
1.9059871435165405
1.8872162103652954
1.901821494102478
1.890990138053894
1.8759567737579346
1.9183589220046997
1.8993791341781616
1.8711645603179932
1.8916059732437134
1.8897901773452759
1.8879762887954712
1.9046231508255005
1.9179061651229858
1.870766282081604
1.882807731628418
1.9044636487960815
1.8880386352539062
1.8868337869644165
1.860440969467163
1.8718684911727905
1.900367259979248
1.8761965036392212
1.8743999004364014
1.8855390548706055
1.8894330263137817
1.8649897575378418
1.8728262186050415
1.866433024406433
1.8670547008514404
1.8729256391525269
1.8851144313812256
1.8728771209716797
1.827863335609436
1.8686739206314087
1.8610668182373047
1.8497577905654907
1.865114688873291
1.8672703504562378
1.8574554920196533
1.8560733795166016
1.8461464643478394
1.8372247219085693
1.844308853149414
1.8197516202926636
1.8487893342971802
1.82341730594635
1.8300423622131348
1.8187834024429321
1.809910774230957
1.8351948261260986
1.808151364326477
1.78561532497406
1.7770029306411743
1.8027535676956177
1.774196982383728
1.781160593032837
1.7692402601242065
1.7615270614624023
1.8631528615951538
1.7444086074829102
1.7555274963378906
1.8035744428634644
1.7923341989517212
1.7703102827072144
1.7654753923416138
1.7773139476776123
1.8282002210617065
1.8534504175186157
1.7978683710098267
1.7617216110229492
1.774601697921753
1.7783679962158203
1.7573280334472656
1.725648283958435
1.753190040588379
1.7774224281311035
1.7657876014709473
1.7188124656677246
1.7378767728805542
1.7478471994400024
1.752914547920227
1.758768081665039
1.7667111158370972
1.7987099885940552
1.7651922702789307
1.7552801370620728
1.7332937717437744
1.7472842931747437
1.7454925775527954
1.7265504598617554
1.7180120944976807
1.752241849899292
1.7502987384796143
1.7454572916030884
1.7454922199249268
1.7209774255752563
1.7591943740844727
1.7433490753173828
1.7259057760238647
1.7147034406661987
1.7286162376403809
1.7283077239990234
1.7085356712341309
1.7373749017715454
1.7490493059158325
1.710715413093567
1.7018009424209595
1.7287640571594238
1.7281075716018677
1.729323387145996
1.6915111541748047
1.7165144681930542
1.6548519134521484
1.7306575775146484
1.7060896158218384
1.7267040014266968
1.6857246160507202
1.6682040691375732
1.7002537250518799
1.7304112911224365
1.7902499437332153
1.7777106761932373
1.8078536987304688
1.8059223890304565
1.7874696254730225
1.733420729637146
1.7291826009750366
1.744250774383545
1.7690293788909912
1.6873297691345215
1.720111608505249
1.6907774209976196
1.6923325061798096
1.6897709369659424
1.6994001865386963
1.7285375595092773
1.7286056280136108
1.705497145652771
1.763105034828186
1.8462324142456055
1.6904313564300537
1.6792795658111572
1.6954200267791748
1.738308310508728
1.7232331037521362
1.7082830667495728
1.7190570831298828
1.7177739143371582
1.719826340675354
1.681089997291565
1.6637212038040161
1.6525810956954956
1.6575654745101929
1.6749109029769897
1.6668590307235718
1.6728243827819824
1.673200249671936
1.6439847946166992
1.6832282543182373
1.6587008237838745
1.7080312967300415
1.6803653240203857
1.6528939008712769
1.6672824621200562
1.6889064311981201
1.6670777797698975
1.6472586393356323
1.6602568626403809
1.6327859163284302

file------  files_loss.txt

file------  lr_0.05_200_loss.log
1.9514586925506592
1.9435548782348633
1.9507864713668823
1.9451849460601807
1.935640811920166
1.9320600032806396
1.9394245147705078
1.9235103130340576
1.912177562713623
1.9088852405548096
1.930783748626709
1.9131578207015991
1.9188897609710693
1.9061334133148193
1.892738938331604
1.9045310020446777
1.9042924642562866
1.8901830911636353
1.9071757793426514
1.8841938972473145
1.8919874429702759
1.8940808773040771
1.8843867778778076
1.883540391921997
1.88870370388031
1.905031681060791
1.874819040298462
1.8717821836471558
1.876249074935913
1.886633276939392
1.87740957736969
1.8834867477416992
1.8734686374664307
1.8771638870239258
1.8765558004379272
1.8745352029800415
1.896541714668274
1.881320595741272
1.8783016204833984
1.8693337440490723
1.8703831434249878
1.8744817972183228
1.877742052078247
1.8717533349990845
1.8780994415283203
1.8663713932037354
1.8620145320892334
1.8773919343948364
1.8667229413986206
1.8667852878570557
1.8674818277359009
1.8588672876358032
1.8639965057373047
1.870759129524231
1.8800766468048096
1.8587886095046997
1.8584365844726562
1.8739718198776245
1.8529855012893677
1.8599720001220703
1.8537166118621826
1.8583576679229736
1.8528305292129517
1.8554922342300415
1.861329197883606
1.8518731594085693
1.8490148782730103
1.8588566780090332
1.8500158786773682
1.8566997051239014
1.8424484729766846
1.8384288549423218
1.8454205989837646
1.8537713289260864
1.8499568700790405
1.842953085899353
1.8471771478652954
1.8453837633132935
1.8454101085662842
1.845855712890625
1.8570151329040527
1.8423008918762207
1.8345363140106201
1.8517048358917236
1.8470009565353394
1.8260490894317627
1.8522284030914307
1.8199965953826904
1.8478704690933228
1.8817251920700073
1.8469809293746948
1.828234314918518
1.8603347539901733
1.8401278257369995
1.8274558782577515
1.855896234512329
1.872559666633606
1.866455078125
1.8607772588729858
1.8631125688552856
1.8510305881500244
1.8523883819580078
1.8396741151809692
1.8626474142074585
1.8583258390426636
1.8545902967453003
1.8409194946289062
1.8384517431259155
1.8352900743484497
1.8366655111312866
1.8395838737487793
1.8397566080093384
1.827548623085022
1.846380591392517
1.8389321565628052
1.8273985385894775
1.827314853668213
1.812540888786316
1.8185901641845703
1.838265061378479
1.8595001697540283
1.8647511005401611
1.8605202436447144
1.8594307899475098
1.8612374067306519
1.8425087928771973
1.8398897647857666
1.858883261680603
1.8529462814331055
1.8392781019210815
1.8412249088287354
1.8466142416000366
1.845155954360962
1.8459012508392334
1.8263874053955078
1.8314437866210938
1.8329191207885742
1.835784912109375
1.844298005104065
1.83804452419281
1.851891040802002
1.8205159902572632
1.8439388275146484
1.8514927625656128
1.8339412212371826
1.8413472175598145
1.8401349782943726
1.8380540609359741
1.8309284448623657
1.8292073011398315
1.8377909660339355
1.8386393785476685
1.8252719640731812
1.8246917724609375
1.834293246269226
1.8291515111923218
1.8165192604064941
1.807043433189392
1.8394439220428467
1.8424495458602905
1.8192572593688965
1.8336584568023682
1.805378794670105
1.8112879991531372
1.8213608264923096
1.8182941675186157
1.7962315082550049
1.8132134675979614
1.814750075340271
1.8304288387298584
1.82392418384552
1.8329193592071533
1.8377933502197266
1.8299000263214111
1.8414971828460693
1.8286734819412231
1.8283779621124268
1.8412270545959473
1.8366893529891968
1.8307902812957764
1.8368943929672241
1.8275905847549438
1.8814631700515747
1.849911093711853
1.8518186807632446
1.8355246782302856
1.8245829343795776
1.8396109342575073
1.8235632181167603
1.8386825323104858
1.829525113105774
1.8141653537750244
1.8332916498184204
1.819056749343872
1.8359737396240234
1.8293476104736328
1.8442703485488892
1.84539794921875
1.7965525388717651
1.8025529384613037

file------  lr_0.02_200_loss.log
1.9514586925506592
1.9448052644729614
1.9483134746551514
1.9439936876296997
1.9448860883712769
1.9427248239517212
1.9457292556762695
1.93814218044281
1.9273734092712402
1.9270193576812744
1.9256397485733032
1.9316685199737549
1.9221662282943726
1.9149564504623413
1.9105900526046753
1.9090303182601929
1.917111873626709
1.8960028886795044
1.92074716091156
1.8800864219665527
1.9080219268798828
1.893895149230957
1.8761653900146484
1.8781849145889282
1.8770076036453247
1.8915560245513916
1.8970295190811157
1.870644450187683
1.8751912117004395
1.8771814107894897
1.8974872827529907
1.8869166374206543
1.884823203086853
1.876246452331543
1.869636058807373
1.8596385717391968
1.9021028280258179
1.8838040828704834
1.8764477968215942
1.8630410432815552
1.8802008628845215
1.859099268913269
1.8773822784423828
1.8767234086990356
1.8476139307022095
1.8474773168563843
1.8818790912628174
1.8776018619537354
1.8594331741333008
1.8427945375442505
1.868038535118103
1.8769383430480957
1.8438746929168701
1.8449569940567017
1.8703179359436035
1.860718846321106
1.8470308780670166
1.8584147691726685
1.8439481258392334
1.8459542989730835
1.8512274026870728
1.867311954498291
1.8400710821151733
1.822292447090149
1.8374788761138916
1.848171591758728
1.847990870475769
1.8386173248291016
1.8445292711257935
1.8575692176818848
1.8267477750778198
1.8424900770187378
1.830934762954712
1.8158799409866333
1.7977468967437744
1.8533909320831299
1.790605068206787
1.797628402709961
1.7905101776123047
1.8052597045898438
1.8198864459991455
1.7922077178955078
1.7903997898101807
1.756425142288208
1.7963403463363647
1.7546008825302124
1.7642046213150024
1.7440249919891357
1.7930676937103271
1.7719312906265259
1.8106991052627563
1.8197431564331055
1.8216047286987305
1.7753643989562988
1.7494505643844604
1.75608229637146
1.771273136138916
1.7337214946746826
2.083390235900879
2.111706018447876
2.039022445678711
1.9566200971603394
1.8354873657226562
1.8415688276290894
1.7877821922302246
1.8294259309768677
1.834897756576538
1.8725025653839111
1.8339314460754395
1.8306111097335815
1.8763504028320312
1.931308627128601
1.9165599346160889
1.8596960306167603
1.8702043294906616
1.8019235134124756
1.8295353651046753
1.8116893768310547
1.8456778526306152
1.8156719207763672
1.770965814590454
1.8276840448379517
1.849938988685608
1.806830644607544
1.7601653337478638
1.7840871810913086
1.8181636333465576
1.8215330839157104
1.7937208414077759
1.752054214477539
1.7782912254333496
1.8023734092712402
1.8001747131347656
1.7525205612182617
1.7649991512298584
1.7474347352981567
1.765371561050415
1.7436469793319702
1.7917540073394775
1.730180263519287
1.7608624696731567
1.7990062236785889
1.8732891082763672
1.8926862478256226
1.8687434196472168
1.882468581199646
1.857393741607666
1.8923808336257935
1.8777295351028442
1.8655463457107544
1.845615267753601
1.8628356456756592
1.882443904876709
1.8674837350845337
1.8629322052001953
1.8834714889526367
1.831423044204712
1.8509571552276611
1.8245714902877808
1.8622405529022217
1.8528013229370117
1.8507121801376343
1.8719769716262817
1.8531919717788696
1.846411108970642
1.8610286712646484
1.8598859310150146
1.853213906288147
1.8322019577026367
1.8624038696289062
1.848810076713562
1.867250680923462
1.868285059928894
1.8373992443084717
1.8692119121551514
1.8626408576965332
1.8626708984375
1.8663491010665894
1.8618460893630981
1.8530046939849854
1.8683866262435913
1.8447126150131226
1.8505403995513916
1.8383654356002808
1.8394509553909302
1.8478550910949707
1.8440204858779907
1.8339544534683228
1.8461288213729858
1.8438434600830078
1.832463026046753
1.8317394256591797
1.8501126766204834
1.8604960441589355
1.8538589477539062
1.840181827545166
1.8412610292434692
1.844083547592163
1.8418766260147095
1.8417900800704956

file------  lr_0.015_200_loss.log
1.9514586925506592
1.9456281661987305
1.9485952854156494
1.9449454545974731
1.9449166059494019
1.9435760974884033
1.9466255903244019
1.9404933452606201
1.9318065643310547
1.9329537153244019
1.9292131662368774
1.9334222078323364
1.9292621612548828
1.920810580253601
1.9187742471694946
1.9153562784194946
1.923341155052185
1.9066672325134277
1.9245468378067017
1.8911237716674805
1.9167691469192505
1.8967477083206177
1.8870158195495605
1.8857369422912598
1.8854607343673706
1.9014297723770142
1.9002012014389038
1.8841674327850342
1.8807460069656372
1.8873027563095093
1.900915265083313
1.889863133430481
1.8816807270050049
1.891481637954712
1.8782906532287598
1.8603729009628296
1.9164867401123047
1.8908565044403076
1.8719974756240845
1.8673930168151855
1.897436499595642
1.8690242767333984
1.8968172073364258
1.9018449783325195
1.8559620380401611
1.8482471704483032
1.9008383750915527
1.8901935815811157
1.8711787462234497
1.844732403755188
1.8769162893295288
1.890287160873413
1.8640681505203247
1.8689872026443481
1.8835967779159546
1.8783082962036133
1.8642702102661133
1.870383620262146
1.8464181423187256
1.8458046913146973
1.866457223892212
1.8775545358657837
1.8677717447280884
1.8320661783218384
1.8458057641983032
1.8611810207366943
1.8497982025146484
1.8541874885559082
1.8496546745300293
1.8528344631195068
1.843805193901062
1.841701626777649
1.822952389717102
1.8217390775680542
1.8035235404968262
1.8208649158477783
1.7967535257339478
1.7923310995101929
1.8059825897216797
1.7972114086151123
1.8093841075897217
1.9020285606384277
1.8779702186584473
1.761816143989563
1.8226265907287598
1.8521599769592285
1.8266644477844238
1.8290210962295532
1.7716481685638428
1.8095818758010864
1.7367067337036133
1.7841553688049316
1.801745057106018
1.7631431818008423
1.7636018991470337
1.7567099332809448
1.7618176937103271
1.7459921836853027
1.7630424499511719
1.8062841892242432
1.7197059392929077
1.726546049118042
1.7749816179275513
1.777711033821106
1.7787628173828125
1.7760300636291504
1.7748721837997437
1.762573003768921
1.7194877862930298
1.7183654308319092
1.724884033203125
1.7161258459091187
1.7210752964019775
1.8465975522994995
1.9365042448043823
2.053220510482788
1.911186695098877
1.8029686212539673
1.7650917768478394
1.7716487646102905
1.7384588718414307
1.7857153415679932
1.8180980682373047
1.7605206966400146
1.7750508785247803
1.8142919540405273
1.7493441104888916
1.810028314590454
1.7777879238128662
1.7470226287841797
1.7587693929672241
1.7717320919036865
1.7501469850540161
1.7589198350906372
1.7690365314483643
1.7392901182174683
1.8167335987091064
1.7541728019714355
1.8295332193374634
1.7842034101486206
1.7435057163238525
1.7698732614517212
1.8115891218185425
1.7832969427108765
1.7559784650802612
1.7969951629638672
1.7362709045410156
1.7734688520431519
1.7250080108642578
1.751699447631836
1.7259492874145508
1.763665795326233
1.732701063156128
1.7261461019515991
1.745850920677185
1.7400250434875488
1.7255154848098755
1.6964069604873657
1.7298718690872192
1.7335199117660522
1.7152714729309082
1.7358733415603638
1.7354310750961304
1.7112020254135132
1.7466706037521362
1.712942123413086
1.7334628105163574
1.7301620244979858
1.746263861656189
1.7498551607131958
1.6994023323059082
1.6944221258163452
1.7439109086990356
1.7299307584762573
1.6922575235366821
1.728350043296814
1.7140766382217407
1.7400500774383545
1.7704206705093384
1.9777849912643433
1.9514626264572144
1.8433711528778076
1.731191635131836
1.730033278465271
1.7467526197433472
1.7226051092147827
1.7382986545562744
1.751109004020691
1.7202653884887695
1.7473583221435547
1.6995923519134521
1.7394442558288574
1.735169529914856
1.7189610004425049
1.7089475393295288
1.756627082824707
1.70987868309021
1.703070878982544
1.6744742393493652
1.714482307434082

file------  lr_0.012_200_loss.log
1.9514586925506592
1.9462227821350098
1.948921799659729
1.9457087516784668
1.9450881481170654
1.9440898895263672
1.9467679262161255
1.9418330192565918
1.9348418712615967
1.936853289604187
1.9325151443481445
1.9355281591415405
1.933022141456604
1.9254239797592163
1.9238910675048828
1.920811653137207
1.9275329113006592
1.9154720306396484
1.9279829263687134
1.8999286890029907
1.9238656759262085
1.9047483205795288
1.8978689908981323
1.8944756984710693
1.8932183980941772
1.904428482055664
1.9013311862945557
1.8907217979431152
1.8880763053894043
1.894834280014038
1.9024181365966797
1.8943588733673096
1.8821818828582764
1.894927740097046
1.8869528770446777
1.8644530773162842
1.9201374053955078
1.8940728902816772
1.8725618124008179
1.8766928911209106
1.88446044921875
1.8767757415771484
1.9007318019866943
1.9070900678634644
1.8630203008651733
1.8542877435684204
1.9047551155090332
1.8917840719223022
1.8735791444778442
1.8496235609054565
1.8814620971679688
1.8915246725082397
1.872255563735962
1.8711105585098267
1.880735993385315
1.8855100870132446
1.8668701648712158
1.8735257387161255
1.8530775308609009
1.8531657457351685
1.8688807487487793
1.8840395212173462
1.8709574937820435
1.825278401374817
1.8478424549102783
1.8558536767959595
1.8440736532211304
1.8529436588287354
1.8469257354736328
1.850281834602356
1.8442596197128296
1.835416316986084
1.8156554698944092
1.8089848756790161
1.7949060201644897
1.8267576694488525
1.7937787771224976
1.8201020956039429
1.8228038549423218
1.8091773986816406
1.8255033493041992
1.773208737373352
1.7685779333114624
1.7673712968826294
1.8077847957611084
1.7535748481750488
1.7678890228271484
1.7652885913848877
1.740412712097168
1.7894636392593384
1.7321187257766724
1.7412742376327515
1.774284839630127
1.7706577777862549
1.757761836051941
1.7554354667663574
1.7922919988632202
1.745962142944336
1.718698501586914
1.8311654329299927
1.7568156719207764
1.7185451984405518
1.76535964012146
1.7396466732025146
1.7066601514816284
1.7445727586746216
1.755030870437622
1.7593833208084106
1.7134448289871216
1.7016184329986572
1.7077436447143555
1.7060364484786987
1.721178650856018
1.7911555767059326
1.7238752841949463
1.771802544593811
1.7452423572540283
1.7268621921539307
1.7084344625473022
1.698301076889038
1.722133994102478
1.7356046438217163
1.6931833028793335
1.7601524591445923
1.7707319259643555
1.7843601703643799
1.7746188640594482
1.7752723693847656
1.7639968395233154
1.7776505947113037
1.7763851881027222
1.7730966806411743
1.73495352268219
1.7888576984405518
1.7442973852157593
1.7151397466659546
1.722333312034607
1.8177522420883179
1.7137246131896973
1.747192621231079
1.6987473964691162
1.6882628202438354
1.816527009010315
1.7693134546279907
1.7725105285644531
1.7646983861923218
1.7002202272415161
1.6281237602233887
1.6812187433242798
1.6921018362045288
1.66388738155365
1.6521973609924316
1.6875516176223755
1.6914104223251343
1.7186428308486938
1.6949028968811035
1.6623761653900146
1.6874992847442627
1.7270547151565552
1.7150278091430664
1.6666133403778076
1.6403077840805054
1.6625194549560547
1.7153602838516235
1.667309284210205
1.6600849628448486
1.6844557523727417
1.719120979309082
1.6904466152191162
1.7523154020309448
1.6975724697113037
1.6277406215667725
1.6555753946304321
1.7072505950927734
1.7335751056671143
1.6969351768493652
1.7157306671142578
1.6680710315704346
1.6819307804107666
1.7040601968765259
1.6509429216384888
1.6667609214782715
1.6147655248641968
1.6173051595687866
1.6748673915863037
1.6320769786834717
1.6314669847488403
1.6524882316589355
1.6187068223953247
1.6631072759628296
1.6116687059402466
1.620021104812622
1.7022792100906372
1.6297953128814697
1.6437753438949585
1.61850106716156
1.664084792137146
1.6571065187454224
1.6420373916625977
1.5750713348388672

