1.9514586925506592
1.9478996992111206
1.9503470659255981
1.948660969734192
1.947360634803772
1.9474166631698608
1.9472516775131226
1.9449833631515503
1.9418540000915527
1.9435940980911255
1.9406546354293823
1.9431278705596924
1.9421011209487915
1.938172698020935
1.9386740922927856
1.9365544319152832
1.9397685527801514
1.93655526638031
1.9399230480194092
1.9301587343215942
1.941226601600647
1.932129144668579
1.9251493215560913
1.9266060590744019
1.9258317947387695
1.9282068014144897
1.9257291555404663
1.9246337413787842
1.923708438873291
1.926569938659668
1.9240683317184448
1.9323049783706665
1.9137897491455078
1.9184541702270508
1.9176779985427856
1.90658438205719
1.9319497346878052
1.916406273841858
1.9045988321304321
1.9208881855010986
1.9192829132080078
1.9113564491271973
1.9159451723098755
1.9286401271820068
1.9073983430862427
1.8942615985870361
1.917686939239502
1.9213230609893799
1.9153739213943481
1.8881781101226807
1.9052934646606445
1.9148956537246704
1.90384042263031
1.8958890438079834
1.907863736152649
1.9102751016616821
1.904520034790039
1.9081017971038818
1.902315616607666
1.8940058946609497
1.8935496807098389
1.8870199918746948
1.8927849531173706
1.868255615234375
1.905763030052185
1.8909580707550049
1.8858129978179932
1.8810758590698242
1.8813163042068481
1.889992356300354
1.9107794761657715
1.8899112939834595
1.8723628520965576
1.880435824394226
1.8600555658340454
1.8889302015304565
1.8730376958847046
1.8714810609817505
1.8570414781570435
1.8670706748962402
1.8976643085479736
1.8721721172332764
1.8676910400390625
1.855716586112976
1.8692280054092407
1.8651539087295532
1.8557757139205933
1.8644698858261108
1.8742847442626953
1.8924176692962646
1.8705828189849854
1.8602848052978516
1.8886942863464355
1.8671462535858154
1.8597922325134277
1.8591595888137817
1.8845051527023315
1.862673282623291
1.8431980609893799
1.9030653238296509
1.8380482196807861
1.8343334197998047
1.862371802330017
1.8457083702087402
1.8620365858078003
1.8570257425308228
1.849485993385315
1.8451435565948486
1.835537075996399
1.819179892539978
1.8377020359039307
1.8409349918365479
1.8099792003631592
1.824856162071228
1.839473843574524
1.8296301364898682
1.81411874294281
1.7956920862197876
1.8080382347106934
1.8060901165008545
1.7820093631744385
1.7946707010269165
1.813125729560852
1.798643946647644
1.7819856405258179
1.7792059183120728
1.7854853868484497
1.9036431312561035
1.8604501485824585
1.7617641687393188
1.8145958185195923
1.8235524892807007
1.852778673171997
1.8353850841522217
1.8272892236709595
1.8061816692352295
1.8087146282196045
1.7599844932556152
1.764980435371399
1.7671842575073242
1.7908985614776611
1.7923051118850708
1.7979187965393066
1.7239232063293457
1.7548983097076416
1.7922511100769043
1.8050177097320557
1.773151159286499
1.7868196964263916
1.7985734939575195
1.7711066007614136
1.778610110282898
1.748354434967041
1.7376090288162231
1.7674914598464966
1.7935088872909546
1.7455285787582397
1.7323819398880005
1.7879247665405273
1.7493373155593872
1.7521737813949585
1.7534266710281372
1.7493926286697388
1.710985779762268
1.719451904296875
1.7160433530807495
1.7648605108261108
1.742407202720642
1.753835916519165
1.7877546548843384
1.7298333644866943
1.7129191160202026
1.7710075378417969
1.6954725980758667
1.7180238962173462
1.7858716249465942
1.718423843383789
1.7445638179779053
1.729515790939331
1.7572896480560303
1.7543764114379883
1.7293108701705933
1.705375075340271
1.7145692110061646
1.708229660987854
1.671944499015808
1.7180274724960327
1.7198641300201416
1.6970757246017456
1.6862412691116333
1.683583378791809
1.7275569438934326
1.7331420183181763
1.7212141752243042
1.7147749662399292
1.7093427181243896
1.7050470113754272
1.6838546991348267
1.695791482925415
1.699550986289978

