1.0963995456695557
1.0817543268203735
1.0756618976593018
1.0466668605804443
1.0377310514450073
1.042057991027832
1.0143675804138184
0.9970109462738037
0.971429705619812
0.9601629376411438
0.9489567875862122
0.9093587398529053
0.8813459873199463
0.8560011982917786
0.810206949710846
0.7644253969192505
0.6534793376922607
0.6256291270256042
0.5745894908905029
0.6828727722167969
0.5654013156890869
0.626226544380188
0.46679505705833435
0.5594142079353333
0.5467345118522644
0.4614911377429962
0.4231669008731842
0.3670540452003479
0.37953293323516846
0.3573857545852661
0.38315755128860474
0.2776099145412445
0.24844150245189667
0.254698783159256
0.27723509073257446
0.2196267992258072
0.19476701319217682
0.15849332511425018
0.13538263738155365
0.16568273305892944
0.16023951768875122
0.07150803506374359
0.08077183365821838
0.10838955640792847
0.07325179874897003
0.0662660002708435
0.04119283705949783
0.047392018139362335
0.08270180225372314
0.08331397920846939
0.023773500695824623
0.03308505192399025
0.01589752547442913
0.019230086356401443
0.023945245891809464
0.15859103202819824
0.06404353678226471
0.20166203379631042
0.033614080399274826
0.011622803285717964
0.01296636089682579
0.12437896430492401
0.016026683151721954
0.030614228919148445
0.00993623398244381
0.011433718726038933
0.013048091903328896
0.02438533306121826
0.009294126182794571
0.016894429922103882
0.03401762992143631
0.011124341748654842
0.005939788185060024
0.007203905843198299
0.008287908509373665
0.009236038662493229
0.007769319228827953
0.008235616609454155
0.009205819107592106
0.005587379913777113
0.007063357625156641
0.005429276265203953
0.004437827970832586
0.007331772241741419
0.006295160390436649
0.004981499630957842
0.005666053853929043
0.004359183367341757
0.0037982992362231016
0.019175460562109947
0.003354453481733799
0.0031857683788985014
0.00336145400069654
0.003877950133755803
0.005600804463028908
0.002856568666175008
0.028028205037117004
0.0029768189415335655
0.008360756561160088
0.0024589593522250652
0.0027970115188509226
0.004030323587357998
0.0033851899206638336
0.0022444084752351046
0.0023893616162240505
0.002671454567462206
0.0033078049309551716
0.0038122679106891155
0.003444979665800929
0.002503319177776575
0.003751548705622554
0.05308098345994949
0.0032253519166260958
0.06880894303321838
0.0019791978411376476
0.011632955633103848
0.12622910737991333
0.0039641582407057285
0.006573538761585951
0.01135436724871397
0.04962357133626938
0.09204710274934769
0.011800621636211872
0.004946076776832342
0.004369889385998249
0.023390697315335274
0.006040387321263552
0.015192514285445213
0.004108881577849388
0.01239650510251522
0.09532666206359863
0.0059899683110415936
0.002594019751995802
0.008052547462284565
0.005054461304098368
0.03671879693865776
0.004401069134473801
0.0045203547924757
0.017402837052941322
0.016519242897629738
0.010074898600578308
0.007175131235271692
0.005643618758767843
0.003837638534605503
0.0038584473077207804
0.0036869582254439592
0.0057198419235646725
0.0036477153189480305
0.009897046722471714
0.00929178949445486
0.004826187156140804
0.005817832425236702
0.003984428476542234
0.004717444069683552
0.026134155690670013
0.010237997397780418
0.002209333935752511
0.0025797467678785324
0.0021721452940255404
0.002644104417413473
0.0025197817012667656
0.005248161498457193
0.0024447154719382524
0.0032918653450906277
0.0015448261983692646
0.0027763117104768753
0.001714673824608326
0.002013944322243333
0.004149348940700293
0.0024917819537222385
0.0027466306928545237
0.0008897946681827307
0.003853078465908766
0.0019849794916808605
0.0010011978447437286
0.0018086605705320835
0.0016013054409995675
0.0007538616773672402
0.0012279527727514505
0.001975208753719926
0.0009922741446644068
0.001844937913119793
0.0011367382248863578
0.0009537033038213849
0.0025185137055814266
0.0016621737740933895
0.0016054059378802776
0.0011810784926638007
0.0014912356855347753
0.0009234541794285178
0.04860467091202736
0.000986869796179235
0.0016304439632222056
0.02675151452422142
0.010622733272612095
0.017085891216993332
0.000904912012629211
0.0009525373461656272
0.0011203665053471923
0.0011123836738988757
0.0012696580961346626
0.0014648167416453362
0.001369996927678585
0.0012430354254320264
0.008171390742063522
0.029771791771054268
0.004587603732943535
0.001386688556522131
0.0008552608196623623
0.0012257383204996586
0.0008170141954906285
0.0010551150189712644
0.0012178343022242188
0.0021125860512256622
0.0023650771472603083
0.002622877014800906
0.0032744919881224632
0.002960974583402276
0.004305042792111635
0.0009866318432614207
0.0031510700937360525
0.001642796560190618
0.009075913578271866
0.001030738465487957
0.0006811824860051274
0.0008256287546828389
0.0010427135275676847
0.0010995169868692756
0.0015838589752092957
0.0024156232830137014
0.0011207100469619036
0.0010881173657253385
0.0013815989950671792
0.001989154377952218
0.0006847719196230173
0.0007495408644899726
0.0004956640768796206
0.0004984698607586324
0.0006708481232635677
0.0007883885991759598
0.0006170261185616255
0.00086663116235286
0.0004133823385927826
0.0005965472082607448
0.0005736830644309521
0.0005337579059414566
0.0006072629475966096
0.0008512641070410609
0.0007478957413695753
0.0009935409761965275
0.0005728249670937657
0.0007620013784617186
0.0016790449153631926
0.0005422366666607559
0.0010077120969071984
0.0004209867911413312
0.0004603785346262157
0.0006875880062580109
0.000549411226529628
0.0003443031164351851
0.0005183658213354647
0.0009073805413208902
0.0005150854703970253
0.0005711939302273095
0.0004595623177010566
0.00047580900718457997
0.0003668575081974268
0.0002823021786753088
0.0004260899149812758
0.00036323530366644263
0.0004553752951323986
0.00027043564477935433
0.0003747371374629438
0.0003235391341149807
0.0003659450158011168
0.00040817103581503034
0.0003928201040253043
0.0002566959010437131
0.00029088815790601075
0.00047024423838593066
0.00033348926808685064
0.0004734448157250881
0.0013457376044243574
0.0005627315840683877
0.00039498694241046906
0.00023627100745216012
0.0002975987154059112
0.0003092155675403774
0.0004422818892635405
0.0002647596993483603
0.00022614076442550868
0.0003944229974877089
0.0003886456252075732
0.0003956230648327619
0.00032803710200823843
0.0003416001272853464
0.00029986543813720345
0.0003088940284214914
0.00031526133534498513
0.0002726386592257768
0.0004931425792165101
0.0007410048274323344
0.00023525382857769728
0.0004347388166934252
0.00033843828714452684
0.00071589311119169
0.0002991680521517992
0.0003077611909247935
0.0003119780740235001
0.0003215941251255572
0.00038040633080527186
0.0001630365732125938
0.000259920401731506
0.00019954630988650024
0.0002121491706930101
0.00020183944434393197
0.0005686711519956589
0.0001974396436708048
0.0005058912793174386
0.00044003967195749283
0.0003102662740275264
0.0002674407442100346
0.00023111188784241676
0.00019532712758518755
0.0001993406331166625
0.000294730591122061
0.0008301995112560689
0.00019312603399157524
0.0004286465118639171
0.00042437182855792344
0.00021030132484156638
0.00015714789333287627
0.00023140078701544553
0.00019076481112278998
0.0002862630062736571
0.0002211551764048636
0.00020955131913069636
0.00015509926015511155
0.00020571467757690698
0.0002557490370236337
0.00018092099344357848
0.00021931342780590057
0.00017257632862310857
0.0001963752874871716
0.00018316293426323682
0.0001680217683315277
0.0004244660376571119
0.00026022957172244787
9.67595842666924e-05
0.00016186288848984987
0.00014543504221364856
0.00020793851581402123
0.0001224933221237734
0.00013360886077862233
0.0002460016985423863
0.00019008564413525164
0.0003402048023417592
0.0001036406829371117
0.0004210241313558072
0.00010479178308742121
0.0003446275368332863
0.00026295919087715447
0.00010307901538908482
0.00018400984117761254
0.0008506694575771689
0.00019808362412732095
0.00021130102686583996
0.00022032242850400507
0.0004027506220154464
0.00018528284272179008
0.00010075017053168267
0.00015764450654387474
0.00010573714098427445
0.00030780365341342986
0.00019651341426651925
0.0001841583871282637
0.00011847924179164693
0.0001120736196753569
0.00010357941937400028
0.00020972333732061088
0.00013691748608835042
0.00017712463159114122
0.00025361968437209725
0.00010633259080350399
0.00015533826081082225
0.0002005902206292376
0.00038584391586482525
0.00016186753055080771
0.00018134983838535845
0.00010988880239892751
0.0001582741242600605
0.00015130842803046107
0.00015231950965244323
9.716516069602221e-05
0.0002346202527405694
0.00017954182112589478
0.00013362160825636238
0.00010965496767312288
0.00021901428408455104
0.00022893422283232212
