1.9441255331039429
1.9224432706832886
1.9045649766921997
1.8774527311325073
1.8485015630722046
1.8181418180465698
1.8021183013916016
1.7370895147323608
1.7207854986190796
1.6201462745666504
1.6111139059066772
1.5309438705444336
1.406175136566162
1.357725739479065
1.3653494119644165
1.1354632377624512
1.0959835052490234
0.9626601934432983
0.8195969462394714
0.7368859648704529
0.6715996861457825
0.9328433275222778
0.8139906525611877
0.6010658144950867
0.7506365180015564
0.4819757044315338
0.5081255435943604
0.4802245497703552
0.4158994257450104
0.4741818606853485
0.431503027677536
0.33558782935142517
0.28604692220687866
0.36075374484062195
0.363935649394989
0.28776848316192627
0.3202325403690338
0.34574559330940247
0.25601401925086975
0.22067034244537354
0.25667786598205566
0.19311575591564178
0.19694866240024567
0.158237487077713
0.1610141545534134
0.14552521705627441
0.12762829661369324
0.12303566187620163
0.14254990220069885
0.12009581178426743
0.10351352393627167
0.08283769339323044
0.07748516649007797
0.07652594894170761
0.07864869385957718
0.0774097591638565
0.07417498528957367
0.07481440156698227
0.06393063068389893
0.07796946913003922
0.06294379383325577
0.13366857171058655
0.04769405722618103
0.04854685068130493
0.05043913424015045
0.04307679086923599
0.05678752064704895
0.07180311530828476
0.0449439100921154
0.04214020445942879
0.03489694371819496
0.06321373581886292
0.03910694643855095
0.1297231912612915
0.047399766743183136
0.03481901437044144
0.03659016266465187
0.0347045473754406
0.05788595974445343
0.10820300132036209
0.03449730947613716
0.02721204049885273
0.04034537076950073
0.0477624274790287
0.044461652636528015
0.0326322577893734
0.03449345380067825
0.03256778046488762
0.02929237298667431
0.028048178181052208
0.021812301129102707
0.023808838799595833
0.022565489634871483
0.026878653094172478
0.0384109690785408
0.03680625930428505
0.025057272985577583
0.018538517877459526
0.02502971515059471
0.015369651839137077
0.01629807986319065
0.015537909232079983
0.018180111423134804
0.016668446362018585
0.013316260650753975
0.014177502132952213
0.014205653220415115
0.04310453683137894
0.010652199387550354
0.012374783866107464
0.011189674958586693
0.01202249526977539
0.011061402969062328
0.013440762646496296
0.009952165186405182
0.011209161952137947
0.009380838833749294
0.007538632024079561
0.009188746102154255
0.009691898711025715
0.009341888129711151
0.023135850206017494
0.008705046027898788
0.007953026331961155
0.110677570104599
0.1298118382692337
0.41355055570602417
0.40450602769851685
0.7398106455802917
0.26433902978897095
0.3184223473072052
0.34023821353912354
0.31072694063186646
0.4016544222831726
0.5281813144683838
0.10424143075942993
0.1884855479001999
0.2230275273323059
0.12279875576496124
0.06471765786409378
0.19914817810058594
0.2891087234020233
0.1085522323846817
0.09411108493804932
0.03926699608564377
0.06235789507627487
0.055095747113227844
0.051551077514886856
0.04481969401240349
0.056544315069913864
0.03982633352279663
0.025745131075382233
0.020138781517744064
0.018496520817279816
0.018155142664909363
0.025982746854424477
0.027448521926999092
0.02206358313560486
0.021804949268698692
0.032913751900196075
0.015978829935193062
0.017027786001563072
0.012991131283342838
0.013226409442722797
0.014646749943494797
0.01586836576461792
0.013142735697329044
0.010400760918855667
0.01639895886182785
0.013625241816043854
0.00956852175295353
0.008412366732954979
0.007939212955534458
0.009566239081323147
0.008491136133670807
0.009663993492722511
0.011763564310967922
0.010135744698345661
0.007217976730316877
0.010584416799247265
0.006761885713785887
0.007444641552865505
0.008451979607343674
0.021289609372615814
0.006768937222659588
0.00937997829169035
0.0238147284835577
0.007235800381749868
0.005286339670419693
0.005255125463008881
0.006578297354280949
0.00598940858617425
0.006192654371261597
0.005877894815057516
0.004951882641762495
0.005741444882005453
0.024492386728525162
0.005102245137095451
0.005295814946293831
0.005624550860375166
0.014293783344328403
0.004985658451914787
0.004392414819449186
0.00410490995272994
0.005449983756989241
0.003439344698563218
0.0046292259357869625
0.004543595016002655
0.004423877689987421
0.004890277981758118
0.004101006779819727
0.004254817962646484
0.004327172879129648
0.005376201588660479
0.004119520541280508
0.004819165915250778
0.004537520930171013
0.004591967910528183
0.003898590337485075
0.00473109632730484
0.004183976911008358
0.0030531948432326317
0.004478005226701498
0.003847221378237009
0.003924867138266563
0.003924202173948288
0.00406574597582221
0.0037394072860479355
0.003048436716198921
0.002897844882681966
0.0042559015564620495
0.003005998209118843
0.003511825343593955
0.00445119384676218
0.002984914928674698
0.0028658409137278795
0.0032801469787955284
0.004824695643037558
0.002884899964556098
0.0033735085744410753
0.005931271240115166
0.0028386134654283524
0.002836785279214382
0.002993819070979953
0.002770473016425967
0.0026196343824267387
0.002950491616502404
0.0031728469766676426
0.007351829204708338
0.0030417926609516144
0.0023074394557625055
0.002756257774308324
0.003039764007553458
0.002360218670219183
0.00314268353395164
0.002905496396124363
0.002978790318593383
0.004137315787374973
0.0026936535723507404
0.0025081904605031013
0.002392409136518836
0.002652255119755864
0.0031414057593792677
0.003460003761574626
0.0020385049283504486
0.0020184097811579704
0.0018971012905240059
0.0016651010373607278
0.002402316080406308
0.0029472755268216133
0.0028291132766753435
0.0021054481621831656
0.0023950356990098953
0.0030806499999016523
0.0019854435231536627
0.002126563573256135
0.0018416466191411018
0.0025650335010141134
0.0019288782496005297
0.0021594767458736897
0.0020650255028158426
0.0017731026746332645
0.0017125965096056461
0.002582036890089512
0.0021893829107284546
0.0022891713306307793
0.0019864982459694147
0.0020379165653139353
0.0015710224397480488
0.002092980081215501
0.0019301725551486015
0.001699762768112123
0.0016421211184933782
0.0023682776372879744
0.0015689920401200652
0.0024635547306388617
0.0016813917318359017
0.002348462352529168
0.001936845714226365
0.0021891756914556026
0.0018120614113286138
0.0019632941111922264
0.0019518707413226366
0.0020152211654931307
0.0016689908225089312
0.0017120050033554435
0.0016002199845388532
0.0019905429799109697
0.0017517495434731245
0.0016553789610043168
0.0013098157942295074
0.0019288467010483146
0.001538622542284429
0.002959851175546646
0.0020760404877364635
0.0019325288012623787
0.0022506045643240213
0.001669159159064293
0.0020102192647755146
0.00165057391859591
0.0014679146697744727
0.00909996498376131
0.0025994020979851484
0.0017682744655758142
0.0017828975105658174
0.0014544323785230517
0.0015242811059579253
0.00105876789893955
0.0012787904124706984
0.0015156995505094528
0.0016664176946505904
0.0020156630780547857
0.0014401399530470371
0.0015113261761143804
0.0016241699922829866
0.0013225171715021133
0.0013544223038479686
0.0020935581997036934
0.0010771447559818625
0.0019262973219156265
0.0012755002826452255
0.0011682852637022734
0.0014300327748060226
0.001433894387446344
0.0016931218560785055
0.0013130804290995002
0.0018048707861453295
0.001179888378828764
0.0011245512869209051
0.001482281950302422
0.001041168114170432
0.0014796219766139984
0.0016648415476083755
0.0012442257720977068
0.0016690405318513513
0.001840523793362081
0.0011446453863754869
0.0014884555712342262
0.001639127149246633
0.001300823176279664
0.0012410037452355027
0.0009877720149233937
0.002833909122273326
0.00148289545904845
0.0013499074848368764
0.0012241158401593566
0.0017079737735912204
0.0008880867972038686
0.001489864313043654
0.001758640632033348
0.001591327483765781
0.0009451467194594443
0.0014322319766506553
0.0027672797441482544
0.0015884095337241888
0.0014396908227354288
0.0019904249347746372
0.003291251603513956
0.15808631479740143
0.0283054206520319
0.0849781185388565
0.17796365916728973
0.03279460221529007
0.012930120341479778
0.07605138421058655
0.09990661591291428
0.026440223678946495
0.05229772999882698
0.05761737748980522
0.7046873569488525
0.17251203954219818
1.0232746601104736
0.30126482248306274
0.16103152930736542
0.10862130671739578
0.44392526149749756
0.20158590376377106
0.08333273231983185
0.04780268669128418
0.042439598590135574
