3.8332743644714355
3.5781354904174805
3.364997625350952
3.219095230102539
3.172821521759033
3.1223104000091553
3.0587730407714844
3.0059642791748047
2.957465648651123
2.913573741912842
2.86594295501709
2.8152856826782227
2.761730194091797
2.7022998332977295
2.6535589694976807
2.6060099601745605
2.5490224361419678
2.4962551593780518
2.447070598602295
2.4090123176574707
2.367100477218628
2.328517436981201
2.2926180362701416
2.2610645294189453
2.2138164043426514
2.17897367477417
2.1406726837158203
2.1004929542541504
2.0598912239074707
2.0258824825286865
1.98984694480896
1.948782205581665
1.924466848373413
1.897599458694458
1.8790128231048584
1.846703290939331
1.810816764831543
1.795314073562622
1.761070728302002
1.7445104122161865
1.7159994840621948
1.701904058456421
1.6748055219650269
1.661894679069519
1.6362248659133911
1.6204485893249512
1.5989574193954468
1.579068660736084
1.5676863193511963
1.5460807085037231
1.532529592514038
1.516553521156311
1.5013307332992554
1.4910306930541992
1.4746520519256592
1.4684710502624512
1.4512217044830322
1.4388725757598877
1.4312162399291992
1.4176311492919922
1.409639835357666
1.398725152015686
1.388554573059082
1.3784418106079102
1.3678028583526611
1.3618333339691162
1.3542636632919312
1.346236228942871
1.3373829126358032
1.3282450437545776
1.3203825950622559
1.3133615255355835
1.3060672283172607
1.3009717464447021
1.2932350635528564
1.2859747409820557
1.2822513580322266
1.2767338752746582
1.2747466564178467
1.270472526550293
1.2603838443756104
1.2529911994934082
1.2466989755630493
1.2448112964630127
1.2428863048553467
1.2365211248397827
1.229860544204712
1.2272896766662598
1.2224985361099243
1.215691089630127
1.212565541267395
1.2091264724731445
1.2050471305847168
1.2010679244995117
1.1990410089492798
1.198197841644287
1.1888365745544434
1.1867291927337646
1.1837549209594727
1.1816468238830566
1.1730971336364746
1.1734826564788818
1.1673356294631958
1.168028712272644
1.1696646213531494
1.1616065502166748
1.1633929014205933
1.161765456199646
1.1587269306182861
1.1596189737319946
1.1559295654296875
1.156064748764038
1.1515041589736938
1.152825951576233
1.1502432823181152
1.1494953632354736
1.1456612348556519
1.1452710628509521
1.1408493518829346
1.1409410238265991
1.1372942924499512
1.1378076076507568
1.1366674900054932
1.1380038261413574
1.134779691696167
1.1315581798553467
1.1324241161346436
1.1291362047195435
1.1268377304077148
1.1258535385131836
1.1243538856506348
1.1221647262573242
1.1231374740600586
1.1224275827407837
1.1205819845199585
1.1153926849365234
1.1174542903900146
1.1157432794570923
1.11422598361969
1.112107515335083
1.111250400543213
1.113976001739502
1.1076946258544922
1.1069425344467163
1.1035728454589844
1.1011911630630493
1.1030325889587402
1.103151798248291
1.0983772277832031
1.100856900215149
1.0973930358886719
1.0970537662506104
1.0948474407196045
1.0924382209777832
1.0928452014923096
1.0947316884994507
1.091949224472046
1.0873615741729736
1.08907949924469
1.086185336112976
1.0827572345733643
1.082715392112732
1.082434892654419
1.0780619382858276
1.08059561252594
1.0770198106765747
1.076269268989563
1.0740524530410767
1.0731027126312256
1.072200059890747
1.0724124908447266
1.072106957435608
1.0686790943145752
1.0676398277282715
1.0673317909240723
1.0669691562652588
1.0663206577301025
1.064725399017334
1.0643986463546753
1.0634064674377441
1.0625910758972168
1.059779167175293
1.0605411529541016
1.0580253601074219
1.0574842691421509
1.0556361675262451
1.0540510416030884
1.051929235458374
1.0504157543182373
1.0528433322906494
1.0495712757110596
1.0514596700668335
1.0484979152679443
1.0471729040145874
1.0452053546905518
1.0465381145477295
1.043940782546997
1.0467267036437988
1.04254150390625
1.0401501655578613
1.0406371355056763
1.0379656553268433
1.0386799573898315
1.0412232875823975
1.038529396057129
1.0370750427246094
1.0386483669281006
1.0354204177856445
1.0355935096740723
1.036552906036377
1.0360257625579834
1.0360325574874878
1.0375142097473145
1.0309468507766724
1.0355724096298218
1.032302737236023
1.0319390296936035
1.0342892408370972
1.0307552814483643
1.0329519510269165
1.033963918685913
1.0310447216033936
1.029946208000183
1.0287405252456665
1.0323272943496704
1.028283953666687
1.0271222591400146
1.0280342102050781
1.0290558338165283
1.0273332595825195
1.027939796447754
1.0267186164855957
1.0262795686721802
1.027694582939148
1.026505947113037
1.027968406677246
1.0239310264587402
1.022530436515808
1.0256083011627197
1.0239417552947998
1.0219188928604126
1.0225334167480469
1.020994782447815
1.0240896940231323
1.0234102010726929
1.0204100608825684
1.021685004234314
1.0212481021881104
1.020447015762329
1.018473505973816
1.0215421915054321
1.0201689004898071
1.0187585353851318
1.0189831256866455
1.0170872211456299
1.0184423923492432
1.0191941261291504
1.017235279083252
1.01412832736969
1.0164101123809814
1.0166716575622559
1.014681100845337
1.018187165260315
1.0150952339172363
1.0158743858337402
1.0154333114624023
1.0146148204803467
1.0136923789978027
1.01162850856781
1.0105643272399902
1.011897087097168
1.0120668411254883
1.0135385990142822
1.012442946434021
1.0123586654663086
1.0081814527511597
1.0073645114898682
1.010774850845337
1.0088270902633667
1.009460210800171
1.007101058959961
1.0089681148529053
1.0093685388565063
1.0104528665542603
1.0077228546142578
1.0083072185516357
1.0077283382415771
1.0075610876083374
1.0057086944580078
1.0032548904418945
1.0030617713928223
1.0043495893478394
1.0044699907302856
1.0055770874023438
1.0021321773529053
1.0010327100753784
1.0038318634033203
1.002763032913208
1.0031732320785522
1.003434658050537
0.9985203742980957
1.002151608467102
0.9993045330047607
1.0018739700317383
0.9997653961181641
0.9999628067016602
0.9979812502861023
0.9987980127334595
0.9990537762641907
0.9982247352600098
0.9996500015258789
0.9979326725006104
0.9975155591964722
0.9978208541870117
0.9961858987808228
0.9933075904846191
0.9964139461517334
0.9938169717788696
0.9964956045150757
0.9945899248123169
0.9931784272193909
0.9917032718658447
0.9925380349159241
0.9929568767547607
0.9916987419128418
0.9931526184082031
0.9923383593559265
0.9908015727996826
0.9913980960845947
0.9890992641448975
0.9915011525154114
0.98737633228302
0.9910235404968262
0.9906629323959351
0.9903981685638428
0.9897971749305725
0.9896200299263
0.9886202812194824
0.9872039556503296
0.9872899651527405
0.987561821937561
0.9850537776947021
0.9856649041175842
0.9849713444709778
0.9836058616638184
0.9864538908004761
0.9829462766647339
0.9832296967506409
0.9842327237129211
0.9843871593475342
0.984302818775177
0.9835042953491211
0.984656572341919
0.9809613823890686
0.9816034436225891
0.981844425201416
0.9810163974761963
0.9804373383522034
0.9831937551498413
0.9800062775611877
0.9801754951477051
0.9823576211929321
0.9762604832649231
0.978661298751831
0.9774520993232727
0.9781398177146912
0.9782043695449829
0.9777950644493103
0.9753202199935913
0.9775117635726929
0.9767035245895386
0.9741392731666565
0.9740538597106934
0.9764527082443237
0.9758189916610718
0.9724131226539612
0.9740924835205078
0.9713762998580933
0.9727002382278442
0.9741576313972473
0.9742735624313354
0.9735962152481079
0.9732481241226196
0.9737919569015503
0.970606803894043
0.9698525667190552
0.9706814885139465
0.9712429046630859
0.9724520444869995
0.9679086804389954
0.968026876449585
0.9698512554168701
0.9691640138626099
0.9689135551452637
0.968757688999176
0.9690030813217163
0.9671951532363892
0.9699134826660156
0.9668687582015991
0.964890718460083