6.225468158721924
4.099809646606445
4.790814399719238
3.2960078716278076
2.3059322834014893
1.8056386709213257
1.5132725238800049
1.274516224861145
1.0765032768249512
0.9446222186088562
0.8359401226043701
0.7430753111839294
0.6725536584854126
0.6213779449462891
0.5773720741271973
0.5403881669044495
0.5017700791358948
0.46956703066825867
0.4467979073524475
0.4232689142227173
0.39906156063079834
0.3828487992286682
0.36030593514442444
0.3453104794025421
0.33149880170822144
0.31725671887397766
0.3096701502799988
0.29321134090423584
0.28267702460289
0.2728273570537567
0.26707515120506287
0.2555348873138428
0.24648207426071167
0.2410125583410263
0.2333492934703827
0.22692248225212097
0.21897004544734955
0.21388152241706848
0.2075275182723999
0.20322401821613312
