1.0981959104537964
1.0853861570358276
1.0680912733078003
1.059518575668335
1.0407142639160156
1.026503324508667
1.0209320783615112
1.0004515647888184
0.9767776131629944
0.9633859992027283
0.9265407919883728
0.920086145401001
0.8811463713645935
0.8150613903999329
0.7790905833244324
0.7203397154808044
0.6924422979354858
0.6381404399871826
0.612231969833374
0.623397171497345
0.5372647047042847
0.4555613100528717
0.5099825263023376
0.42426785826683044
0.4240633249282837
0.3957262635231018
0.3569382131099701
0.2992402911186218
0.29518386721611023
0.2830857038497925
0.23754769563674927
0.1771726906299591
0.13253740966320038
0.211917906999588
0.13851629197597504
0.09617400169372559
0.16758106648921967
0.08729284256696701
0.14808540046215057
0.06973843276500702
0.07234286516904831
0.08314861357212067
0.0634806752204895
0.048760298639535904
0.03866385295987129
0.04291431978344917
0.046574197709560394
0.01859225705265999
0.02397400140762329
0.029259512200951576
0.016435157507658005
0.028102608397603035
0.07514826953411102
0.046844083815813065
0.04765306040644646
0.013783703558146954
0.0777575671672821
0.04667359218001366
0.0340302549302578
0.5787550210952759
0.021500475704669952
0.15358826518058777
0.17603084444999695
0.104984350502491
0.008095255121588707
0.020428935065865517
0.017147166654467583
0.09576547145843506
0.04219602048397064
0.07277975976467133
0.03429095447063446
0.03609202802181244
0.02193404920399189
0.01669708825647831
0.01467612199485302
0.014245662838220596
0.02292090654373169
0.04308035597205162
0.028845183551311493
0.04390961676836014
0.019241025671362877
0.019579047337174416
0.015675101429224014
0.016738174483180046
0.01535202469676733
0.013975879177451134
0.00904069934040308
0.01685185916721821
0.006647550035268068
0.010815308429300785
0.007404905278235674
0.008019409142434597
0.007879948243498802
0.005399392452090979
0.0084387781098485
0.0048698121681809425
0.01092086173593998
0.005014559719711542
0.01273411326110363
0.004318155348300934
0.004760033916682005
0.005569192580878735
0.0041377549059689045
0.0039767129346728325
0.0036570706870406866
0.002723938785493374
0.003665405325591564
0.004228364210575819
0.0028374227695167065
0.003027803497388959
0.0030172124970704317
0.007473574951291084
0.002584936562925577
0.0025653885677456856
0.00267283758148551
0.006432625465095043
0.0019726683385670185
0.002095834817737341
0.00278084515593946
0.0016930134734138846
0.002557187806814909
0.0016803719336166978
0.0017563769361004233
0.0018406360177323222
0.0022371860686689615
0.00209703017026186
0.0018603213829919696
0.0014493894996121526
0.002316084923222661
0.0013614926720038056
0.0021790596656501293
0.0032645491883158684
0.0014941336121410131
0.009280908852815628
0.0009679600480012596
0.0012480666628107429
0.0011188050266355276
0.001125512644648552
0.001293906825594604
0.002142772078514099
0.006551586091518402
0.0012385161826387048
0.009261224418878555
0.001444746390916407
0.001097209518775344
0.0009315029601566494
0.0014179066056385636
0.0013891159323975444
0.0014382058288902044
0.0014665622729808092
0.00140655436553061
0.0011019990779459476
0.002512440551072359
0.0011309192050248384
0.014663065783679485
0.00148492562584579
0.0012031226651743054
0.0010291066719219089
0.032231543213129044
0.0011676071444526315
0.003663392970338464
0.02052013762295246
0.0009629057021811604
0.0010847900994122028
0.0017351115820929408
0.002188716782256961
0.024192897602915764
0.025656629353761673
0.007851501926779747
0.0017264912603423
0.0024764612317085266
0.0012433088850229979
0.045052386820316315
0.005018636584281921
0.0737159326672554
0.0017375501338392496
0.0010042742360383272
0.2946338355541229
0.007061769720166922
0.0483313724398613
0.03325193002820015
0.06146613135933876
0.0785781592130661
0.008015052415430546
0.061271391808986664
0.00919957086443901
0.005796910263597965
0.015690967440605164
0.029092393815517426
0.050176944583654404
0.06087305769324303
0.009377836249768734
0.018564404919743538
0.042278535664081573
0.017755115404725075
0.00819258764386177
0.01485593430697918
0.015699945390224457
0.010725273750722408
0.005018364172428846
0.00848114863038063
0.00697431480512023
0.004331620875746012
0.004571958445012569
0.035479892045259476
0.0036114202812314034
0.0036998577415943146
0.003744042944163084
0.0038812560960650444
0.004812601022422314
0.014651876874268055
0.0055165537633001804
0.004226519726216793
0.004624451510608196
0.0033374610356986523
0.003525301581248641
0.0037839733995497227
0.004492901731282473
0.007152150850743055
0.004289465025067329
0.003401597263291478
0.0030047488398849964
0.00775656895712018
0.002899466548115015
0.002096503507345915
0.001981050241738558
0.0022689825855195522
0.001437999540939927
0.0017109860200434923
0.004605913069099188
0.001604139688424766
0.0018047370249405503
0.0017997829709202051
0.001813143608160317
0.001729420037008822
0.0020760793704539537
0.001158058294095099
0.0012260028161108494
0.0030029930640012026
0.001489577698521316
0.0012035233667120337
0.001287329476326704
0.0010289291385561228
0.0009732166072353721
0.000999755458906293
0.0007062970544211566
0.001012918772175908
0.0009309769957326353
0.0009605016675777733
0.0012030545622110367
0.0007244079606607556
0.0010704293381422758
0.001129367621615529
0.0010325118200853467
0.0008672357653267682
0.000515832332894206
0.0006314849015325308
0.0005495954537764192
0.0007826624205335975
0.0007802448817528784
0.0009332975605502725
0.001178167061880231
0.0014125995803624392
0.0011008131550624967
0.0006564814830198884
0.0007974546169862151
0.0006121786427684128
0.0008114084484986961
0.0006695639458484948
0.00046186105464585125
0.0006277199718169868
0.0010061338543891907
0.0005999190616421402
0.0007634832290932536
0.0005703275674022734
0.0006028445204719901
0.0007234293152578175
0.0005153518868610263
0.0005724513903260231
0.0005211589741520584
0.0007528894348070025
0.000619300757534802
0.0007371624815277755
0.00045020089601166546
0.0006418395205400884
0.00033363644615747035
0.0008089097100310028
0.0007869768305681646
0.0004987817374058068
0.0004832038830500096
0.00044378128950484097
0.00034638604847714305
0.0005212673568166792
0.00038854937884025276
0.0004774718836415559
0.0005222273175604641
0.00026343698846176267
0.00046903392649255693
0.0005034146597608924
0.00034540952765382826
0.0002558694395702332
0.0004590646713040769
0.0003853036614600569
0.0005671560647897422
0.00041051700827665627
0.0007154268096201122
0.0003637897898443043
0.00047966238344088197
0.000407465297030285
0.00035395598388276994
0.0003994501894339919
0.0005218199221417308
0.00021526026830542833
0.00040264675044454634
0.0003905041376128793
0.00045389580191113055
0.00034468749072402716
0.0003587952523957938
0.0003204045060556382
0.0003152801073156297
0.0006000691209919751
0.0004513909516390413
0.0005524139269255102
0.0006997208693064749
0.000469252176117152
0.0002644854539539665
0.0002697268791962415
0.00039761888911016285
0.00033161562168970704
0.0002370282163610682
0.0002630195231176913
0.00022789060312788934
0.0002337222103960812
0.0004958295030519366
0.00017848056450020522
0.00024622888304293156
0.00032515922794118524
0.00036962373997084796
0.0002836634812410921
0.00020877161296084523
0.0004250599886290729
0.0006987476954236627
0.0003271425957791507
0.00043601737706921995
0.00034173138556070626
0.0002578853745944798
0.0004127468855585903
0.00028269263566471636
0.00032430473947897553
0.00041222674190066755
0.00018760483362711966
0.00025106396060436964
0.00014529198233503848
0.0002772962034214288
0.0002478218812029809
0.0002954048977699131
0.0003120452456641942
0.00016712026263121516
0.0004062627849634737
0.0002113859518431127
0.0001929048157762736
0.0001838239695644006
0.00018451512733008713
0.00021875112724956125
0.0008064669091254473
0.00025441416073590517
0.00027751020388677716
0.00027248807600699365
0.00021214406297076494
0.00019153095490764827
0.00023487958242185414
0.00020427178242243826
0.000258068524999544
0.00032561513944528997
0.00019242514099460095
0.0001819154858822003
0.00019857917504850775
0.00013074130401946604
0.00026747086667455733
0.00014511612243950367
0.0002343579544685781
0.00023409271670971066
0.0001661913120187819
0.00013399469025898725
0.000147111204569228
0.00017411990847904235
0.00020496579236350954
0.000150323859998025
0.00025104175438173115
0.00037266919389367104
0.00024464173475280404
0.00019661242549773306
0.00017733866116032004
0.0001473866868764162
0.00015556214202661067
0.00015053036622703075
0.00022487439855467528
0.00023905010311864316
0.00023224804317578673
0.00015605700900778174
