1.9509007930755615
1.9497541189193726
1.9471759796142578
1.9509986639022827
1.9466209411621094
1.9505860805511475
1.9459041357040405
1.9408841133117676
1.947306513786316
1.9434638023376465
1.9380898475646973
1.9418036937713623
1.9396798610687256
1.9428308010101318
1.9367964267730713
1.9417567253112793
1.9462240934371948
1.9480886459350586
1.9452937841415405
1.93965744972229
1.942664384841919
1.9384845495224
1.937391757965088
1.9411237239837646
1.9421520233154297
1.9400817155838013
1.9403033256530762
1.9421017169952393
1.9350800514221191
1.9471852779388428
1.9380067586898804
1.9362819194793701
1.9390461444854736
1.942650556564331
1.9352506399154663
1.9317107200622559
1.9441022872924805
1.9406421184539795
1.9346110820770264
1.943032145500183
1.9397199153900146
1.9418833255767822
1.9476954936981201
1.943258285522461
1.934200406074524
1.9367997646331787
1.9421184062957764
1.939012050628662
1.942492961883545
1.9425456523895264
1.9435395002365112
1.9377591609954834
1.9351019859313965
1.9417243003845215
1.9417438507080078
1.9374964237213135
1.9337680339813232
1.928831696510315
1.93955397605896
1.9293235540390015
1.9285199642181396
1.9197975397109985
1.9226949214935303
1.9328346252441406
1.9088261127471924
1.9323954582214355
1.917980670928955
1.9367330074310303
1.9300183057785034
1.929818868637085
1.9498579502105713
1.9423507452011108
1.920958399772644
1.9345567226409912
1.9243566989898682
1.9257853031158447
1.9234954118728638
1.9254145622253418
1.9356244802474976
1.9074146747589111
1.919205665588379
1.9277739524841309
1.9307140111923218
1.9280742406845093
1.9328709840774536
1.9205583333969116
1.936002254486084
1.9303836822509766
1.9238922595977783
1.9352377653121948
1.9150310754776
1.921618938446045
1.9066336154937744
1.9254908561706543
1.9356024265289307
1.933567762374878
1.9119012355804443
1.907196044921875
1.9259545803070068
1.9073901176452637
1.913282871246338
1.9044389724731445
1.9424185752868652
1.9110729694366455
1.9203450679779053
1.9154808521270752
1.9127883911132812
1.9165029525756836
1.918358325958252
1.9221949577331543
1.933152437210083
1.914711594581604
1.92164945602417
1.9137979745864868
1.929322600364685
1.939982295036316
1.9091293811798096
1.934433937072754
1.9041228294372559
1.9111181497573853
1.8925666809082031
1.920914649963379
1.91802179813385
1.909377098083496
1.9385778903961182
1.9132850170135498
1.9121215343475342
1.9191949367523193
1.9206879138946533
1.9323759078979492
1.9114344120025635
1.8992938995361328
1.931166648864746
1.9005038738250732
1.9205081462860107
1.9104816913604736
1.9187878370285034
1.9105017185211182
1.9097435474395752
1.9217561483383179
1.9148955345153809
1.923081636428833
1.909994125366211
1.9173846244812012
1.9104018211364746
1.9106462001800537
1.925652027130127
1.8834645748138428
1.9003090858459473
1.9196486473083496
1.914052963256836
1.9300603866577148
1.90595281124115
1.9227044582366943
1.8993752002716064
1.9255869388580322
1.9283385276794434
1.914154291152954
1.9226298332214355
1.9293241500854492
1.9144808053970337
1.9279096126556396
1.9052810668945312
1.9161045551300049
1.9051333665847778
1.8991520404815674
1.9285730123519897
1.9165842533111572
1.900728464126587
1.9081785678863525
1.903650164604187
1.9135422706604004
1.9247896671295166
1.9146392345428467
1.9001224040985107
1.9091856479644775
1.9095419645309448
1.9061810970306396
1.9149653911590576
1.910510778427124
1.9373643398284912
1.9197434186935425
1.921203374862671
1.9154746532440186
1.909426212310791
1.9154043197631836
1.8989471197128296
1.9211845397949219
1.9115698337554932
1.9002211093902588
1.9075207710266113
1.9123426675796509
1.8886924982070923
1.9157730340957642
1.9259127378463745
1.9126067161560059
1.9198992252349854
1.878798007965088
1.9080073833465576
1.918837308883667
1.8984320163726807
1.8902437686920166
1.9127490520477295
1.909407377243042
1.9040488004684448
1.8927841186523438
1.9008883237838745
1.9014341831207275
1.914261817932129
1.8972632884979248
1.9273837804794312
1.8964178562164307
1.9274511337280273
1.9127898216247559
1.902268409729004
1.8918037414550781
1.9004637002944946
1.8883295059204102
1.9102065563201904
1.9079161882400513
1.9038790464401245
1.8967483043670654
1.9071447849273682
1.903412103652954
1.9100148677825928
1.9123406410217285
1.9146435260772705
1.9015250205993652
1.902177095413208
1.9045348167419434
1.8990952968597412
1.9224586486816406
1.9044873714447021
1.9055798053741455
1.8953399658203125
1.9063267707824707
1.913506269454956
1.9238579273223877
1.9114692211151123
1.9014017581939697
1.928310751914978
1.927348256111145
1.8795627355575562
1.9108492136001587
1.920496940612793
1.903666615486145
1.910665512084961
1.9082221984863281
1.9208043813705444
1.922081708908081
1.907616138458252
1.9024345874786377
1.920985221862793
1.8957390785217285
1.9219629764556885
1.9058067798614502
1.9127992391586304
1.8888003826141357
1.9305148124694824
1.8981670141220093
1.904488444328308
1.8933138847351074
1.8821251392364502
1.888156533241272
1.9107050895690918
1.8997564315795898
1.8973815441131592
1.9084436893463135
1.9054336547851562
1.9137775897979736
1.8920080661773682
1.9092938899993896
1.8904051780700684
1.9306131601333618
1.9176585674285889
1.9028053283691406
1.9080703258514404
1.894731044769287
1.9146945476531982
1.907015085220337
1.8791873455047607
1.8979153633117676
1.9049928188323975
1.8924856185913086
1.895550012588501
1.8954267501831055
1.9001539945602417
1.8886146545410156
1.9030897617340088
1.8836634159088135
1.9155824184417725
1.8916773796081543
1.9020752906799316
1.9018570184707642
1.878792405128479
1.8786729574203491
1.8839333057403564
1.897547721862793
1.886916160583496
1.8953416347503662
1.8982768058776855
1.8959060907363892
1.8936419486999512
1.9008216857910156
1.902773141860962
1.8983749151229858
1.896562099456787
1.8856656551361084
1.9028714895248413
1.9067870378494263
1.9078562259674072
1.8938932418823242
1.9194111824035645
1.9080795049667358
1.8989906311035156
1.9034993648529053
1.9252946376800537
1.8834669589996338
1.8906536102294922
1.904378890991211
1.907645583152771
1.9008805751800537
1.8835170269012451
1.8833558559417725
1.8974032402038574
1.8920066356658936
1.912269115447998
1.9016413688659668
1.9025593996047974
1.9038617610931396
1.9167169332504272
1.9104063510894775
1.9006459712982178
1.9035104513168335
1.8796532154083252
1.8951836824417114
1.896582841873169
1.9334461688995361
1.9109768867492676
1.9012826681137085
1.910780429840088
1.8944342136383057
1.907655954360962
1.8925518989562988
1.9041409492492676
1.8806209564208984
1.9131183624267578
1.909198522567749
1.8971381187438965
1.892899751663208
1.9029887914657593
1.8863499164581299
1.9033007621765137
1.9065085649490356
1.898287296295166
1.9149260520935059
1.8951716423034668
1.8841254711151123
1.893418312072754
1.8934053182601929
1.8949462175369263
1.8905792236328125
1.8929243087768555
1.885606050491333
1.9222538471221924
1.899232029914856
1.9120097160339355
1.9010646343231201
1.8983824253082275
1.9057061672210693
1.8981072902679443
1.9097330570220947
1.894465684890747
1.8910274505615234
1.8974919319152832
1.8975528478622437
1.922323226928711
1.9016977548599243
1.889606237411499
1.8920915126800537
1.9192249774932861
1.9027400016784668
1.9165186882019043
1.9120135307312012
1.899487018585205
1.8875880241394043
1.8944509029388428
1.8980534076690674
1.9119292497634888
1.8977009057998657
1.896837592124939
1.8887450695037842
1.8964786529541016
1.913097858428955
1.898306131362915
1.8945921659469604
1.8909869194030762
1.9087785482406616
1.895793080329895
1.885513186454773
