1.9522509574890137
1.9486935138702393
1.9471876621246338
1.9488847255706787
1.945847511291504
1.9390666484832764
1.9393084049224854
1.9375983476638794
1.9405252933502197
1.9358861446380615
1.936413288116455
1.9346362352371216
1.9385755062103271
1.9338953495025635
1.9327678680419922
1.9194202423095703
1.9270517826080322
1.931193232536316
1.9275898933410645
1.9213948249816895
1.9317889213562012
1.9247710704803467
1.9207690954208374
1.9086453914642334
1.9193899631500244
1.8948726654052734
1.9147599935531616
1.917574405670166
1.9092400074005127
1.9011144638061523
1.910607099533081
1.903550386428833
1.90605628490448
1.914443016052246
1.9128830432891846
1.9038147926330566
1.9097230434417725
1.9041051864624023
1.8957840204238892
1.904197335243225
1.8865692615509033
1.8959839344024658
1.8949934244155884
1.8972675800323486
1.8918585777282715
1.8860204219818115
1.88143789768219
1.888428807258606
1.877792239189148
1.890216588973999
1.881824016571045
1.885552167892456
1.8815340995788574
1.882901668548584
1.8756073713302612
1.8935134410858154
1.8806452751159668
1.8719303607940674
1.8680164813995361
1.8780007362365723
1.8691316843032837
1.8636083602905273
1.8784034252166748
1.8681726455688477
1.8755412101745605
1.8669241666793823
1.8644272089004517
1.8808213472366333
1.852992057800293
1.8746991157531738
1.8700568675994873
1.8544665575027466
1.864140510559082
1.8612843751907349
1.8729395866394043
1.8513615131378174
1.8665410280227661
1.8505613803863525
1.8575799465179443
1.8693139553070068
1.8438491821289062
1.8682239055633545
1.8658905029296875
1.8562437295913696
1.8769464492797852
1.8601763248443604
1.8654251098632812
1.8461644649505615
1.8334450721740723
1.8595404624938965
1.8679178953170776
1.8201196193695068
1.8500581979751587
1.8596659898757935
1.8552730083465576
1.8544714450836182
1.8511085510253906
1.8262784481048584
1.8304054737091064
1.8273186683654785
1.8176865577697754
1.8278074264526367
1.8069708347320557
1.8167494535446167
1.8312393426895142
1.8152157068252563
1.8088815212249756
1.7806893587112427
1.783800482749939
1.7947956323623657
1.7844374179840088
1.7936961650848389
1.779945969581604
1.7691106796264648
1.7714309692382812
1.7811647653579712
1.7740230560302734
1.805316686630249
1.7742769718170166
1.7910774946212769
1.7904760837554932
1.7658917903900146
1.7617971897125244
1.7780848741531372
1.7741138935089111
1.7707746028900146
1.7706844806671143
1.7788166999816895
1.7407968044281006
1.7469594478607178
1.7547715902328491
1.7515232563018799
1.7585952281951904
1.7190155982971191
1.74517023563385
1.7850720882415771
1.7631170749664307
1.7362785339355469
1.750867247581482
1.7554152011871338
1.742040753364563
1.7249088287353516
1.688816785812378
1.7504246234893799
1.7462809085845947
1.7029759883880615
1.7189314365386963
1.7342898845672607
1.7243469953536987
1.7208514213562012
1.717738151550293
1.7156639099121094
1.72532057762146
1.740593671798706
1.696192979812622
1.7157189846038818
1.7089354991912842
1.6969008445739746
1.7016258239746094
1.666820764541626
1.7227990627288818
1.6975080966949463
1.6800912618637085
1.7025090456008911
1.7047334909439087
1.6738020181655884
1.7482852935791016
1.7200794219970703
1.6710214614868164
1.7010891437530518
1.734299898147583
1.7105495929718018
1.662287950515747
1.703394889831543
1.7121812105178833
1.6894872188568115
1.6958880424499512
1.6666886806488037
1.7198779582977295
1.6707642078399658
1.7057125568389893
1.6413089036941528
1.7022669315338135
1.6897116899490356
1.7306101322174072
1.7048163414001465
1.697564959526062
1.7133362293243408
1.6818610429763794
1.7123215198516846
1.6598566770553589
1.636849045753479
1.7017529010772705
1.6999989748001099
1.6468071937561035
1.726599097251892
1.68120276927948
1.6834672689437866
1.6469664573669434
1.682450294494629
1.6745715141296387
1.732789397239685
1.687637448310852
1.7042503356933594
1.685280203819275
1.6716516017913818
1.7216659784317017
1.6290401220321655
1.7008659839630127
1.708582878112793
1.6736615896224976
1.7065813541412354
1.6757338047027588
1.7044808864593506
1.6526297330856323
1.6723166704177856
1.6506028175354004
1.662455677986145
1.6992533206939697
1.684396505355835
1.645821213722229
1.6279182434082031
1.6380414962768555
1.6763970851898193
1.6265259981155396
1.6775736808776855
1.648392677307129
1.6947834491729736
1.6565203666687012
1.6503559350967407
1.671919584274292
1.6451072692871094
1.6385900974273682
1.6763665676116943
1.630323886871338
1.7024078369140625
1.6933581829071045
1.678246259689331
1.6409417390823364
1.6493544578552246
1.657261848449707
1.6493213176727295
1.6345535516738892
1.6551169157028198
1.6241810321807861
1.67561936378479
1.6293047666549683
1.666154384613037
1.628495454788208
1.6607840061187744
1.6538429260253906
1.6514438390731812
1.6423912048339844
1.6259053945541382
1.6140754222869873
1.649824857711792
1.6547837257385254
1.653690218925476
1.636484146118164
1.6597716808319092
1.6463690996170044
1.6562209129333496
1.615928292274475
1.6614686250686646
1.6254444122314453
1.6158698797225952
1.6509807109832764
1.6518070697784424
1.6316614151000977
1.625129222869873
1.6562466621398926
1.6616716384887695
1.6432335376739502
1.615154504776001
1.6560550928115845
1.6071078777313232
1.687744140625
1.6579405069351196
1.6327333450317383
1.5874245166778564
1.6548943519592285
1.6297354698181152
1.6368403434753418
1.6400859355926514
1.6715681552886963
1.6491066217422485
1.6846718788146973
1.6061794757843018
1.6453065872192383
1.6661250591278076
1.6599408388137817
1.6108450889587402
1.6838092803955078
1.6059329509735107
1.6151574850082397
1.6614925861358643
1.608694076538086
1.6482445001602173
1.6647496223449707
1.6632168292999268
1.6703813076019287
1.6532180309295654
1.6380934715270996
1.6481776237487793
1.652598261833191
1.6261146068572998
1.6641347408294678
1.6438953876495361
1.6616772413253784
1.618829369544983
1.635516881942749
1.6609145402908325
1.6497269868850708
1.6561660766601562
1.5878522396087646
1.667017936706543
1.6354858875274658
1.6019771099090576
1.6634982824325562
1.6177330017089844
1.64601731300354
1.6134910583496094
1.6122674942016602
1.6001756191253662
1.6262333393096924
1.6407520771026611
1.6406763792037964
1.602067470550537
1.648148536682129
1.6624886989593506
1.6256616115570068
1.6128299236297607
1.6358745098114014
1.6426258087158203
1.6434080600738525
1.6553490161895752
1.6625111103057861
1.6082489490509033
1.6090123653411865
1.6463050842285156
1.617002248764038
1.6360747814178467
1.6174368858337402
1.658214807510376
1.6269984245300293
1.6440238952636719
1.6254640817642212
1.6631112098693848
1.5955041646957397
1.6502766609191895
1.633805751800537
1.6093189716339111
1.6182502508163452
1.665475606918335
1.6904504299163818
1.5994315147399902
1.577591061592102
1.6025564670562744
1.6447088718414307
1.5908145904541016
1.6824171543121338
1.6104369163513184
1.6356271505355835
1.6782944202423096
1.6439383029937744
1.6330851316452026
1.6278448104858398
1.6174132823944092
1.645715355873108
1.6156175136566162
1.5936193466186523
1.6211143732070923
1.6132519245147705
1.600306749343872
1.6163201332092285
1.6336724758148193
1.6400947570800781
1.6164300441741943
1.633641242980957
1.6115833520889282
1.6100331544876099
1.6044718027114868
1.690223217010498
1.614084243774414
1.6573152542114258
1.6560369729995728
1.630246639251709
1.6075150966644287
1.611114740371704
1.6290476322174072
1.6393954753875732
1.6464993953704834
1.6539230346679688
1.6074984073638916
1.5938920974731445
1.653038740158081
1.609180212020874
1.617801308631897
1.597346305847168
1.6401540040969849
