1.9461668729782104
1.915675401687622
1.9072291851043701
1.885077953338623
1.830542802810669
1.8102236986160278
1.7845646142959595
1.7421878576278687
1.6830885410308838
1.6380727291107178
1.5827555656433105
1.492581844329834
1.4835736751556396
1.391303300857544
1.272886037826538
1.1654868125915527
1.0527864694595337
0.9781008362770081
0.8246517181396484
0.7917398810386658
0.7097985744476318
0.7326875925064087
0.5791417360305786
0.5520431399345398
0.43443095684051514
0.41790348291397095
0.42926740646362305
0.385461688041687
0.36130473017692566
0.32088905572891235
0.2917335629463196
0.2514148950576782
0.23963910341262817
0.2272598296403885
0.19627076387405396
0.16188323497772217
0.2199031263589859
0.18272611498832703
0.2221497744321823
0.16245663166046143
0.16290417313575745
0.18215243518352509
0.12198012322187424
0.10549324750900269
0.19164785742759705
0.15373027324676514
0.3177955150604248
0.2252308577299118
0.09951180219650269
0.27241045236587524
0.2529315948486328
0.10056638717651367
0.14474733173847198
0.08305777609348297
0.0857323706150055
0.128038227558136
0.2542543411254883
0.17598481476306915
0.6827937364578247
0.10405261069536209
0.11098744720220566
0.11800123751163483
0.08795799314975739
0.2946389615535736
0.15391217172145844
0.06706206500530243
0.0694642961025238
0.07280488312244415
0.06859945505857468
0.259599894285202
0.06530127674341202
0.08058270066976547
0.16577236354351044
0.06974010169506073
0.07907042652368546
0.11670100688934326
0.05274415761232376
0.08668597042560577
0.0979648008942604
0.05699640512466431
0.10404334217309952
0.0744408369064331
0.07554782927036285
0.07157580554485321
0.06990239024162292
0.04758008196949959
0.05816130340099335
0.14456026256084442
0.05428241565823555
0.2751502990722656
0.04096892476081848
0.03525315597653389
0.07825746387243271
0.04174673184752464
0.032669465988874435
0.0940769761800766
0.024752598255872726
0.020322831347584724
0.027110517024993896
0.035973191261291504
0.021584881469607353
0.0242483988404274
0.02723245695233345
0.09243842214345932
0.02126193791627884
0.022850846871733665
0.025048324838280678
0.023801162838935852
0.01945643685758114
0.01611855998635292
0.02018047496676445
0.04276333749294281
0.08417216688394547
0.018282582983374596
0.01864337921142578
0.017044132575392723
0.019253071397542953
0.06586277484893799
0.020393919199705124
0.017966030165553093
0.023739807307720184
0.08935413509607315
0.032880932092666626
0.01733662560582161
0.02503466233611107
0.01590103842318058
0.016430821269750595
0.020943813025951385
0.01470439787954092
0.013062008656561375
0.016029030084609985
0.01312340795993805
0.013361559249460697
0.013211567886173725
0.015668872743844986
0.025398418307304382
0.018505169078707695
0.012568546459078789
0.011520834639668465
0.013306560926139355
0.009897496551275253
0.011711297556757927
0.00982340145856142
0.009191904217004776
0.008988688699901104
0.008650090545415878
0.007105612196028233
0.012546798214316368
0.007421859540045261
0.00907156988978386
0.009194061160087585
0.007958182133734226
0.007964319549500942
0.008311999961733818
0.008981904946267605
0.006800129543989897
0.007352076470851898
0.008057447150349617
0.005948654841631651
0.008181256242096424
0.0076697031036019325
0.006398535333573818
0.005648741032928228
0.007331881206482649
0.005841793958097696
0.006526369135826826
0.004830493591725826
0.005254670977592468
0.005679322872310877
0.006020097993314266
0.004481445997953415
0.006282570771872997
0.0069002313539385796
0.0054513211362063885
0.006379106547683477
0.005179966799914837
0.004923656582832336
0.009643605910241604
0.005450584460049868
0.006478454917669296
0.004599057137966156
0.021518524736166
0.007381651550531387
0.005368051119148731
0.005133459344506264
0.003699956461787224
0.006607618182897568
0.005115041043609381
0.01173063088208437
0.0038733412511646748
0.004100634250789881
0.005410044454038143
0.003573450492694974
0.004071966744959354
0.004539480898529291
0.006243851501494646
0.0074797142297029495
0.0040459828451275826
0.0042557683773338795
0.005217264872044325
0.004324660636484623
0.004864056129008532
0.00458631943911314
0.00381925399415195
0.004229297861456871
0.003962042275816202
0.002911378163844347
0.003289078129455447
0.002666292479261756
0.0029936914797872305
0.002760459203273058
0.0034103402867913246
0.004299168009310961
0.0028262408450245857
0.003316554008051753
0.0028132509905844927
0.0027043267618864775
0.002681407146155834
0.0022534930612891912
0.0032927433494478464
0.0034370850771665573
0.00199952838011086
0.0031848328653723
0.0023540519177913666
0.0026523778215050697
0.0026117621455341578
0.002368541434407234
0.002832752885296941
0.00261318008415401
0.00333391479216516
0.0027208838146179914
0.002431448781862855
0.0024893677327781916
0.0017511487239971757
0.002471794141456485
0.002275752602145076
0.002807521726936102
0.0026217447593808174
0.0023835229221731424
0.002516768639907241
0.004472075961530209
0.0026162094436585903
0.0029675259720534086
0.0022603243123739958
0.0020863080862909555
0.0021308630239218473
0.0025626348797231913
0.002635450568050146
0.002195957349613309
0.0017116931267082691
0.0013882577186450362
0.0015612663701176643
0.001862832112237811
0.002113589085638523
0.001367568620480597
0.0015794328646734357
0.0019858677405864
0.002665215637534857
0.0027783848345279694
0.00151423632632941
0.0015692353481426835
0.0016278743278235197
0.0014183538733050227
0.003124040551483631
0.0018725951667875051
0.0012149123940616846
0.001484883134253323
0.0011733893770724535
0.003931929357349873
0.0018274090252816677
0.0015191369457170367
0.0018653746228665113
0.0015409104526042938
0.0014348343247547746
0.0026282332837581635
0.001582639291882515
0.0014870355371385813
0.0016338435234501958
0.0013519367203116417
0.0011902746045961976
0.00155897275544703
0.0014371209545060992
0.0017210429068654776
0.0012436691904440522
0.0012569724349305034
0.001368626137264073
0.0012999206082895398
0.0014733518473803997
0.001399574102833867
0.0011751733254641294
0.0020808165427297354
0.001248591928742826
0.002298318315297365
0.0013639318058267236
0.0011802763910964131
0.0022275797091424465
0.0017419153591617942
0.0012662367662414908
0.0015409113839268684
0.0017241311725229025
0.0018622204661369324
0.0016324707539752126
0.001991670811548829
0.0012666056863963604
0.001042578718625009
0.0015290442388504744
0.0010188436135649681
0.0016604149714112282
0.0010899562621489167
0.0013649839675053954
0.0015810364857316017
0.001761926687322557
0.0012216297909617424
0.0015010945498943329
0.002812946680933237
0.0008620411972515285
0.0010859820758923888
0.0010951908770948648
0.0011698423186317086
0.0014440306695178151
0.00133924325928092
0.021563302725553513
0.001160487998276949
0.0014656183775514364
0.0012387228198349476
0.016339868307113647
0.0019938487093895674
0.006531442049890757
0.00212547997944057
0.00423818314447999
0.005062804091721773
0.0029600728303194046
0.0037152362056076527
0.0026363658253103495
0.0016134370816871524
0.0020540652330964804
0.0031845765188336372
0.003433655947446823
0.0029437225311994553
0.0019083913648501039
0.00194000662304461
0.001472695847041905
0.002924224827438593
0.004797837696969509
0.0021025538444519043
0.0018212966388091445
0.002662563230842352
0.0018533513648435473
0.0017790918936952949
0.001962834969162941
0.0023709668312221766
0.0017064745770767331
0.00195786589756608
0.0008835795451886952
0.0019024950452148914
0.0013462721835821867
0.0008868897566571832
0.0013821955071762204
0.0014598156558349729
0.0013008172390982509
0.0012253172462806106
0.0011241961037740111
0.0012278960784897208
0.0014827403938397765
0.0012062359601259232
0.001109799719415605
0.001789530273526907
0.001073918305337429
0.0011785650858655572
0.0008141226135194302
0.002326837508007884
0.0011400949442759156
0.0010069055715575814
0.0007671273197047412
0.0008778921910561621
0.0011519519612193108
0.002483684103935957
0.0011231800308451056
0.0007836701115593314
0.0008494724170304835
0.001064317300915718
0.0008596563711762428
0.0006643624510616064
0.0012129965471103787
0.0008563689771108329
0.0008774632005952299
0.0006952422554604709
0.0010371074313297868
0.1421954333782196
0.027151934802532196
0.16495724022388458
0.15711216628551483
0.038928452879190445
0.03369971364736557
0.03415834903717041
0.005245544016361237
0.01834111474454403
0.028528328984975815
0.014691945165395737
0.04394196718931198
