1.0996761322021484
1.080823540687561
1.0676305294036865
1.0533766746520996
1.05203115940094
1.0364426374435425
1.0139521360397339
1.002051591873169
0.9817352294921875
0.9615139961242676
0.9469146728515625
0.9135090708732605
0.8688279986381531
0.8497161865234375
0.784794807434082
0.7204670906066895
0.6669974327087402
0.6915258169174194
0.6355643272399902
0.5902664661407471
0.4906960427761078
0.4792317748069763
0.43366047739982605
0.4041208326816559
0.39555835723876953
0.35721415281295776
0.30721259117126465
0.2517850399017334
0.2888946235179901
0.2567383646965027
0.19289298355579376
0.13312900066375732
0.14207908511161804
0.13663457334041595
0.09920090436935425
0.12921907007694244
0.11848029494285583
0.07019723206758499
0.07449251413345337
0.07515407353639603
0.06921496242284775
0.07251075655221939
0.05690309405326843
0.05156344547867775
0.02160293236374855
0.03224322199821472
0.10052213072776794
0.09916943311691284
0.3126056492328644
0.03950490802526474
0.04431624338030815
0.05964706465601921
0.05720113590359688
0.016497109085321426
0.13348692655563354
0.1999502182006836
0.0447024405002594
0.12152723968029022
0.03559423238039017
0.020878974348306656
0.08731697499752045
0.01693986915051937
0.019628111273050308
0.027511360123753548
0.014887278899550438
0.01673404686152935
0.01899050921201706
0.02139991894364357
0.01589636690914631
0.021326901391148567
0.02999170869588852
0.0165516659617424
0.013270937837660313
0.012266251258552074
0.013030802831053734
0.013335485942661762
0.009360227733850479
0.021915163844823837
0.014645433984696865
0.013880675658583641
0.012946833856403828
0.010856885462999344
0.008805591613054276
0.00799921527504921
0.006818804889917374
0.007118988316506147
0.006846461910754442
0.006460057571530342
0.004193940199911594
0.009448997676372528
0.005406733602285385
0.005913136526942253
0.00477687967941165
0.004700749181210995
0.004692697431892157
0.004001930821686983
0.0064104474149644375
0.003458866383880377
0.012914812192320824
0.0038736402057111263
0.004760114010423422
0.003483616281300783
0.004612099379301071
0.004367285408079624
0.0029853875748813152
0.003074337262660265
0.0058031207881867886
0.0031355228275060654
0.003943813964724541
0.0030081351287662983
0.004222653340548277
0.004265059716999531
0.0023233231622725725
0.005178253166377544
0.0013836658326908946
0.0028943007346242666
0.0019411328248679638
0.001977689564228058
0.0013087878469377756
0.001957979053258896
0.0029706044588238
0.0020361258648335934
0.0014239557785913348
0.0012504684273153543
0.0013619137462228537
0.0018964791670441628
0.0009544501081109047
0.0015203929506242275
0.0009827336762100458
0.0011962320422753692
0.0011576901888474822
0.002029708819463849
0.0011914412025362253
0.00187904410995543
0.0008150044595822692
0.0011356731411069632
0.0009900457225739956
0.0009430297068320215
0.0009616051102057099
0.0010105492547154427
0.006165680941194296
0.0007948881830088794
0.028569402173161507
0.0010646084556356072
0.0011812944430857897
0.0013731035869568586
0.004204333759844303
0.003378255758434534
0.04984287917613983
0.0013174419291317463
0.001945550087839365
0.0027119608130306005
0.04321552813053131
0.01707100309431553
0.05429605394601822
0.0023790402337908745
0.0025393457617610693
0.0013984913239255548
0.0021552967373281717
0.030544988811016083
0.05769055709242821
0.09329672157764435
0.008676117286086082
0.009607158601284027
0.04964599385857582
0.004136303905397654
0.019567299634218216
0.008155547082424164
0.00756358215585351
0.002964367624372244
0.01710512489080429
0.0037603569217026234
0.009822852909564972
0.014403529465198517
0.029112283140420914
0.006768115796148777
0.08635291457176208
0.010477550327777863
0.004828565753996372
0.004950782749801874
0.001993080135434866
0.004188890568912029
0.003377352375537157
0.001787389162927866
0.006050805561244488
0.0016666667070239782
0.0023200460709631443
0.00226508267223835
0.0028228354640305042
0.0015660126227885485
0.004135739058256149
0.0014746375381946564
0.0016990040894597769
0.004148807376623154
0.001648190664127469
0.0012650261633098125
0.0043563237413764
0.0019939050544053316
0.0023499629460275173
0.0021446782629936934
0.002147057093679905
0.0014406017726287246
0.00160323700401932
0.0015910586807876825
0.007258390076458454
0.0017832476878538728
0.0021803153213113546
0.0009655405301600695
0.0017554826335981488
0.0011912878835573792
0.0012136062141507864
0.002038072794675827
0.0011904791463166475
0.0017635081894695759
0.001391000347211957
0.0016382490284740925
0.0011106636375188828
0.0012891306541860104
0.0012213437585160136
0.0006998318713158369
0.0013736909022554755
0.000899435137398541
0.002196569461375475
0.0017364511732012033
0.0011873659677803516
0.0009438220877200365
0.0013532097218558192
0.0006359814433380961
0.0010804291814565659
0.0008643502369523048
0.016325637698173523
0.0006247514393180609
0.0006829678895883262
0.0010770915541797876
0.0011821219231933355
0.0005586550105363131
0.001939612440764904
0.0008674294804222882
0.000713669927790761
0.0013392063556239009
0.0012579804752022028
0.0019912889692932367
0.0011860380182042718
0.0011580644641071558
0.0008530243067070842
0.0024322248063981533
0.0005343228112906218
0.0013334800023585558
0.0012746494030579925
0.001265597646124661
0.0007998217479325831
0.014294973574578762
0.0012346566654741764
0.0013463729992508888
0.004017731174826622
0.0013258855324238539
0.0005495548248291016
0.0011030224850401282
0.0007625942816957831
0.0007342778262682259
0.0007997420616447926
0.0020352171268314123
0.005317941308021545
0.0007529838476330042
0.0006627151742577553
0.0016866035293787718
0.0011367227416485548
0.0007413945277221501
0.0005993882077746093
0.0003608198603615165
0.0005016180220991373
0.0025456519797444344
0.0002681456971913576
0.0005639101727865636
0.0006106389919295907
0.0006736274808645248
0.0002683265774976462
0.00042012217454612255
0.0003137070743832737
0.0005390886799432337
0.0009942669421434402
0.0013456614688038826
0.0013847751542925835
0.0004876773455180228
0.0009990031830966473
0.0004672969807870686
0.0005983586306683719
0.0005030989996157587
0.0003443862951826304
0.0004845327930524945
0.0004655574157368392
0.0005742128705605865
0.0008203386678360403
0.0006334109348244965
0.00030767859425395727
0.00024041548022069037
0.00046144178486429155
0.0003800502745434642
0.00041085417615249753
0.0005489172181114554
0.0003404289891477674
0.0003128285752609372
0.00030235006124712527
0.00036792890750803053
0.00023875606711953878
0.00024782452965155244
0.0003479153965599835
0.0005008465377613902
0.0004288660711608827
0.00041483898530714214
0.0008199590956792235
0.0002982282603625208
0.0003494208212941885
0.0006699051591567695
0.00043662640382535756
0.00023692684771958739
0.00034408277133479714
0.00023039575899019837
0.0008007570286281407
0.0003122195485047996
0.00040746782906353474
0.00029954963247291744
0.0002903539570979774
0.0003106381627731025
0.00029359952895902097
0.0003343904099892825
0.0003734221390914172
0.0002708046813495457
0.0005778729100711644
0.0003543817438185215
0.0002578454732429236
0.0005971761420369148
0.00033906049793586135
0.00024390785256400704
0.00036683728103525937
0.0002356268814764917
0.00037788072950206697
0.00027915911050513387
0.00014166635810397565
0.0002686230291146785
0.00014143956650514156
0.0005629023653455079
0.0002150102809537202
0.000501446716953069
0.0002694401773624122
0.0003259663935750723
0.0004935249453410506
0.00026906884158961475
0.00022215786157175899
0.00017210512305609882
0.00022850380628369749
0.00046598282642662525
0.00030527665512636304
0.000146904683788307
0.00013973840395919979
0.00038819236215204
0.00023393916490022093
0.0006128681125119328
0.0003477454592939466
0.00026659233844839036
0.0002397185016889125
0.000522143323905766
0.0001287804334424436
0.000205989956157282
0.0029841961804777384
0.00043251662282273173
0.000167109610629268
0.0001900519127957523
0.0003072034160140902
0.00017333051073364913
0.0002404352999292314
0.00016551910084672272
0.0005992174264974892
0.00027267594123259187
0.00021678098710253835
0.00026721571339294314
0.00021338002989068627
0.0002950170892290771
0.00012283920659683645
0.0015385022852569818
0.00026604841696098447
0.0001473852462368086
0.00015797291416674852
0.00015252377488650382
0.00021848503092769533
0.00016518801567144692
0.0027834312058985233
0.00021127541549503803
0.00016244029393419623
0.0003296982904430479
0.00019192558829672635
0.00035178737016394734
0.0004005262744612992
0.00011546390305738896
0.00010331788507755846
0.00025129501591436565
0.0002325783425476402
0.0028646746650338173
9.009152563521639e-05
0.0002830043085850775
