3.834212064743042
3.578312635421753
3.3682568073272705
3.2189414501190186
3.1696746349334717
3.1239402294158936
3.0571517944335938
3.0027949810028076
2.9584336280822754
2.9129154682159424
2.8655388355255127
2.816732406616211
2.7613136768341064
2.706193447113037
2.6547746658325195
2.605494260787964
2.549389362335205
2.4994914531707764
2.4499588012695312
2.4110982418060303
2.3698737621307373
2.3302359580993652
2.2948670387268066
2.257232427597046
2.215601682662964
2.176805257797241
2.142808437347412
2.101236581802368
2.0608837604522705
2.0270934104919434
1.9879306554794312
1.952520489692688
1.9223577976226807
1.890176773071289
1.8653010129928589
1.852753758430481
1.812900424003601
1.7854797840118408
1.7690337896347046
1.7349828481674194
1.7221295833587646
1.6930097341537476
1.6763794422149658
1.653316855430603
1.6364351511001587
1.6146219968795776
1.5963549613952637
1.581465482711792
1.563238263130188
1.548176884651184
1.5287706851959229
1.5148835182189941
1.5008248090744019
1.4823681116104126
1.4763474464416504
1.4590790271759033
1.4494853019714355
1.4407638311386108
1.4247831106185913
1.415616512298584
1.4048006534576416
1.394351601600647
1.3820130825042725
1.3754708766937256
1.3661912679672241
1.3583438396453857
1.3532860279083252
1.3426201343536377
1.3340848684310913
1.3222236633300781
1.3191540241241455
1.3099305629730225
1.3036702871322632
1.299799919128418
1.2915281057357788
1.2858905792236328
1.2767475843429565
1.274401068687439
1.2697049379348755
1.260274887084961
1.2611026763916016
1.2505710124969482
1.2474530935287476
1.2431999444961548
1.2351481914520264
1.231467366218567
1.229311466217041
1.2220460176467896
1.2147408723831177
1.2115572690963745
1.2091277837753296
1.2053248882293701
1.2001540660858154
1.1971594095230103
1.189368486404419
1.188541054725647
1.1855427026748657
1.182111144065857
1.1775459051132202
1.1733903884887695
1.1684753894805908
1.1691030263900757
1.1643465757369995
1.1608644723892212
1.1623256206512451
1.1567707061767578
1.1588977575302124
1.1566218137741089
1.1547365188598633
1.1552164554595947
1.1493867635726929
1.1466224193572998
1.148002028465271
1.147524118423462
1.1418954133987427
1.1419388055801392
1.1413311958312988
1.1417711973190308
1.1413038969039917
1.13625168800354
1.1342331171035767
1.1320955753326416
1.128603219985962
1.1301113367080688
1.130814790725708
1.1293436288833618
1.1245604753494263
1.1225003004074097
1.123420238494873
1.1222237348556519
1.1175192594528198
1.1167196035385132
1.1159396171569824
1.1147624254226685
1.1160352230072021
1.1097029447555542
1.1139875650405884
1.1068214178085327
1.1109551191329956
1.1080515384674072
1.104962944984436
1.1046936511993408
1.1027538776397705
1.1016952991485596
1.0978997945785522
1.0969526767730713
1.095381259918213
1.0946859121322632
1.0929279327392578
1.0939829349517822
1.0905673503875732
1.088058590888977
1.087639331817627
1.0873734951019287
1.0871285200119019
1.0855271816253662
1.0841712951660156
1.0805766582489014
1.081976294517517
1.078234314918518
1.0780032873153687
1.0765208005905151
1.0734742879867554
1.0742545127868652
1.0738880634307861
1.0727593898773193
1.0731608867645264
1.0688234567642212
1.0692660808563232
1.0677839517593384
1.067047119140625
1.0666706562042236
1.063833236694336
1.0610342025756836
1.0612410306930542
1.0622429847717285
1.0581425428390503
1.0574209690093994
1.058232307434082
1.0569522380828857
1.0558710098266602
1.0531680583953857
1.0513393878936768
1.053650140762329
1.051883339881897
1.0516622066497803
1.0479520559310913
1.0455899238586426
1.046783208847046
1.0444574356079102
1.0441911220550537
1.0450416803359985
1.0412733554840088
1.03984534740448
1.0397679805755615
1.0391987562179565
1.0360685586929321
1.03578519821167
1.0371758937835693
1.0366564989089966
1.0331013202667236
1.030674695968628
1.0305954217910767
1.031144380569458
1.0305894613265991
1.0297363996505737
1.029724359512329
1.028397560119629
1.0282436609268188
1.0268772840499878
1.0297757387161255
1.0279446840286255
1.0274226665496826
1.026944875717163
1.026171326637268
1.028426170349121
1.026882290840149
1.0270709991455078
1.0238889455795288
1.0245423316955566
1.0239152908325195
1.0235145092010498
1.0228899717330933
1.023423194885254
1.022847056388855
1.023193597793579
1.020105242729187
1.0205856561660767
1.02103590965271
1.0216116905212402
1.0211600065231323
1.020241379737854
1.0180703401565552
1.017694354057312
1.0181498527526855
1.0200426578521729
1.0165823698043823
1.0167622566223145
1.0157058238983154
1.0170698165893555
1.014746069908142
1.0156633853912354
1.0161559581756592
1.0138264894485474
1.0141205787658691
1.014607548713684
1.0167124271392822
1.0152755975723267
1.0133564472198486
1.0121088027954102
1.0131494998931885
1.0098103284835815
1.009482741355896
1.0119904279708862
1.0137742757797241
1.0129549503326416
1.0127472877502441
1.0106799602508545
1.0093473196029663
1.0081541538238525
1.0091304779052734
1.008314847946167
1.0091794729232788
1.0085394382476807
1.0074222087860107
1.0091055631637573
1.0055694580078125
1.006630301475525
1.0029985904693604
1.0057116746902466
1.003214955329895
1.0031808614730835
1.0062315464019775
1.0031439065933228
1.0010603666305542
1.0038630962371826
1.0043456554412842
1.0040854215621948
1.0004717111587524
1.0013418197631836
0.9997398257255554
1.0011447668075562
1.0014601945877075
1.00052011013031
1.0008368492126465
1.0013717412948608
0.999022364616394
1.0005236864089966
0.9982420802116394
0.9967395067214966
0.9975007176399231
0.9955935478210449
0.9942833781242371
0.99751216173172
0.9959086179733276
0.9949140548706055
0.996628999710083
0.994094729423523
0.9953617453575134
0.9945265054702759
0.9917899370193481
0.9924794435501099
0.9927587509155273
0.9944078922271729
0.9942185282707214
0.991449773311615
0.9919489026069641
0.9897958636283875
0.9939314126968384
0.9924030303955078
0.9901392459869385
0.9933373928070068
0.9916518330574036
0.9887560606002808
0.9874659776687622
0.9883443117141724
0.9889720678329468
0.9872651100158691
0.9884089231491089
0.987196147441864
0.9860357046127319
0.9865484237670898
0.9859097599983215
0.9832180142402649
0.9827326536178589
0.9841166138648987
0.9871111512184143
0.9842849373817444
0.9828804731369019
0.9809663891792297
0.9841689467430115
0.9817314147949219
0.9844821095466614
0.9804443717002869
0.9806326627731323
0.9823449850082397
0.9846221804618835
0.9817841649055481
0.9808865189552307
0.9809156060218811
0.9797253012657166
0.9798130989074707
0.9781941771507263
0.9779648780822754
0.9791907668113708
0.9788641929626465
0.9759175181388855
0.9775461554527283
0.9815108776092529
0.977059543132782
0.9751811623573303
0.9753553867340088
0.9776216149330139
0.9757514595985413
0.976115882396698
0.9742023944854736
0.9728274345397949
0.97211092710495
0.9741717576980591
0.9740829467773438
0.9731556177139282
0.972568154335022
0.9721052646636963
0.9702897071838379
0.9731984734535217
0.971961498260498
0.9710590839385986
0.9706993103027344
0.9691096544265747
0.9700393676757812
0.9694570899009705
0.9694395065307617
0.9661847949028015
0.9670472741127014
0.9691205024719238
0.9664183855056763
0.9710686802864075
0.9667696356773376
0.9678829312324524
0.9643326997756958
0.966755747795105
0.9670564532279968
0.9659780859947205
0.9654185175895691
0.9639631509780884
0.964224100112915
0.9648726582527161
0.9614072442054749
0.9637330770492554
0.9644590020179749
0.9623984098434448
0.9598599672317505
0.9611756205558777
0.9640369415283203
0.9631250500679016
0.96108478307724
0.9607545733451843
0.9587439894676208
0.9588679075241089
0.9579232335090637
