1.9409677982330322
1.9230926036834717
1.9011728763580322
1.8634854555130005
1.8268756866455078
1.7798312902450562
1.743522047996521
1.7079777717590332
1.7065834999084473
1.659607172012329
1.6143743991851807
1.4980841875076294
1.412032127380371
1.3113993406295776
1.1656535863876343
1.1451401710510254
1.858849287033081
0.9360861778259277
1.2070536613464355
1.1543892621994019
1.0726579427719116
0.9321088790893555
0.8225054144859314
0.7561213970184326
0.7433192729949951
0.7101165056228638
0.6819849610328674
0.5826855897903442
0.5380038022994995
0.49825096130371094
0.5100994110107422
0.4194168150424957
0.3709120750427246
0.3821406066417694
0.3407588005065918
0.3064531087875366
0.3264463245868683
0.3241746127605438
0.2346196323633194
0.18550866842269897
0.22318655252456665
0.20605601370334625
0.16700869798660278
0.1992800533771515
0.14290505647659302
0.1235702633857727
0.11979317665100098
0.11248907446861267
0.10441185534000397
0.105291947722435
0.11319272965192795
0.08181503415107727
0.076680988073349
0.08006174117326736
0.06785653531551361
0.09810882806777954
0.061994753777980804
0.05484578758478165
0.06035713851451874
0.05090872943401337
0.05301147326827049
0.048912547528743744
0.06362263113260269
0.04681739956140518
0.21757183969020844
0.036958836019039154
0.07694816589355469
0.4575747847557068
0.16961869597434998
0.24693141877651215
0.1444959193468094
0.056194305419921875
0.2693145275115967
0.09544551372528076
0.04671034589409828
0.05020953342318535
0.052228935062885284
0.10396277904510498
0.061751849949359894
0.051497653126716614
0.0643850564956665
0.07314810156822205
0.12024824321269989
0.061129502952098846
0.14758355915546417
0.03656797856092453
0.3895382285118103
0.057556554675102234
0.2533188760280609
0.34880250692367554
0.22584792971611023
0.20564700663089752
0.14340969920158386
0.14756406843662262
0.1899641752243042
0.3026319742202759
0.12210005521774292
0.09502578526735306
0.07294873893260956
0.04848293960094452
0.13506507873535156
0.057097166776657104
0.08594831824302673
0.055933598428964615
0.048337534070014954
0.054695963859558105
0.053353868424892426
0.06034509837627411
0.05609436705708504
0.04874616861343384
0.03596755117177963
0.041550520807504654
0.025842588394880295
0.027701590210199356
0.02465260773897171
0.023140061646699905
0.02458064630627632
0.032799698412418365
0.022268377244472504
0.019152067601680756
0.022054439410567284
0.03472854569554329
0.019857415929436684
0.0205905269831419
0.01689138449728489
0.02056371606886387
0.018612850457429886
0.0166841521859169
0.02641800418496132
0.013993395492434502
0.011575107462704182
0.020385654643177986
0.011922749690711498
0.014275047928094864
0.02161703258752823
0.012350672855973244
0.03697755187749863
0.07877770066261292
0.056325942277908325
0.23198509216308594
0.06400972604751587
0.021738175302743912
0.05040055140852928
0.031226318329572678
0.053796615451574326
0.037194278091192245
0.08254680037498474
0.02655656449496746
0.016828155145049095
0.020286260172724724
0.01854885369539261
0.0157950259745121
0.01492326520383358
0.05725919455289841
0.021152354776859283
0.014087872579693794
0.02541026659309864
0.013168493285775185
0.009852578863501549
0.018101535737514496
0.014286050572991371
0.012523990124464035
0.00936413649469614
0.011082205921411514
0.04899715259671211
0.010298144072294235
0.008894253522157669
0.007224833592772484
0.012647392228245735
0.011123564094305038
0.008295973762869835
0.009385913610458374
0.010510807856917381
0.010190228000283241
0.008525765500962734
0.006062430329620838
0.008017084561288357
0.008701854385435581
0.0069087292067706585
0.007044190540909767
0.01160069927573204
0.035398535430431366
0.006254380568861961
0.018736233934760094
0.00564818549901247
0.007162539288401604
0.004477824084460735
0.005603253375738859
0.005324437282979488
0.006415035575628281
0.0065314811654388905
0.007228429429233074
0.005986059084534645
0.006517032161355019
0.004889420699328184
0.004724936094135046
0.004697072319686413
0.00438778568059206
0.005248481873422861
0.004148602485656738
0.0048015848733484745
0.00440640514716506
0.004867766052484512
0.0051139406859874725
0.0039001712575554848
0.0041127316653728485
0.0052436101250350475
0.0037061809562146664
0.003683511633425951
0.004793583415448666
0.0029887130949646235
0.004132005386054516
0.004147603176534176
0.0035690702497959137
0.00394528778269887
0.0037544071674346924
0.004008291754871607
0.0030202483758330345
0.003365911543369293
0.0040521458722651005
0.005021912977099419
0.0033784161787480116
0.0031064252834767103
0.0029246886260807514
0.0027949705254286528
0.0022710927296429873
0.0026528015732765198
0.0025427527725696564
0.002510710619390011
0.003845302388072014
0.0026606242172420025
0.0029197426047176123
0.002660648664459586
0.0026747938245534897
0.0021583230700343847
0.002421541605144739
0.0021086230408400297
0.0024833204224705696
0.00281963380984962
0.007799211423844099
0.0030730445869266987
0.0032208410557359457
0.00298678339459002
0.0031250070314854383
0.003296871902421117
0.00218126829713583
0.004313768353313208
0.009155397303402424
0.0023298326414078474
0.0020264755003154278
0.003450883086770773
0.00291521567851305
0.003139754757285118
0.002481510629877448
0.005318497307598591
0.0034741717390716076
0.002804366173222661
0.0027655642479658127
0.002667246153578162
0.002591432072222233
0.002139308024197817
0.0022212835028767586
0.0023196039255708456
0.002799985697492957
0.0020230631344020367
0.002532975748181343
0.0017849043942987919
0.0025937631726264954
0.004687215201556683
0.0024259528145194054
0.002228253288194537
0.0037601192016154528
0.0017804952803999186
0.0025749672204256058
0.0018721787491813302
0.0019303996814414859
0.002059043850749731
0.002602525055408478
0.00155186268966645
0.0023624729365110397
0.002058747923001647
0.0028245081193745136
0.0018737846985459328
0.001762079307809472
0.0016861100448295474
0.002021355554461479
0.0020144935697317123
0.0022498080506920815
0.0019382564350962639
0.0019234905485063791
0.005055909976363182
0.0016633555060252547
0.001992377918213606
0.0020664245821535587
0.0013610844034701586
0.0015398862306028605
0.0025591887533664703
0.0013871986884623766
0.0011858170619234443
0.0016280377749353647
0.0017380556091666222
0.002279458800330758
0.001335897366516292
0.0015171617269515991
0.0014275077264755964
0.0013175044441595674
0.0015016093384474516
0.001189053407870233
0.0013813086552545428
0.001535978284664452
0.0019021595362573862
0.0018940315349027514
0.001279926160350442
0.0012542569311335683
0.0016855710418894887
0.0011034460039809346
0.001728890696540475
0.00140432792250067
0.0013733244268223643
0.0013249301118776202
0.0009731745813041925
0.0020695074927061796
0.001839386415667832
0.001499513047747314
0.001401399029418826
0.0014354876475408673
0.001370422076433897
0.0012001628056168556
0.001432741992175579
0.0012116713915020227
0.0008955877274274826
0.0012777142692357302
0.001180197112262249
0.0023760010953992605
0.0009634904563426971
0.001144259120337665
0.00100237806327641
0.0012247170088812709
0.0017360058845952153
0.0013839809689670801
0.001050871447660029
0.0014612670056521893
0.0022121923975646496
0.0010617501102387905
0.0009103149059228599
0.001125837559811771
0.0010968109127134085
0.0010486351093277335
0.0009843168081715703
0.0009916824055835605
0.001104015507735312
0.0015160401817411184
0.0008979130070656538
0.0011411660816520452
0.0010626774746924639
0.0019067504908889532
0.0013637031661346555
0.001082309172488749
0.0010146386921405792
0.0009463101741857827
0.0007994687184691429
0.0006356969242915511
0.0011018605437129736
0.0015554107958450913
0.0018350840546190739
0.00132634153123945
0.0011390198487788439
0.0009901401353999972
0.0006902056047692895
0.0011131488718092442
0.001058930647559464
0.0010328298667445779
0.0010426839580759406
0.0010460254270583391
0.0008673476986587048
0.001147987088188529
0.002802000381052494
0.000987013103440404
0.0010473709553480148
0.0007038231706246734
0.0007617057999596
0.0008628727518953383
0.000919190002605319
0.0009915631962940097
0.0008765767561271787
0.0008169527864083648
0.0008841253584250808
0.0011611656518653035
0.0008251394610852003
0.0009976486908271909
0.0013239211402833462
0.0011295985896140337
0.000849233940243721
0.0007964479736983776
0.000990520347841084
0.0008388429414480925
0.0009637876064516604
0.0014343905495479703
0.0008284206851385534
0.0007880820776335895
